1.5314137094887446e-14
5.732726817516593e-14
1.9810087980370995e-13
6.319285885126402e-13
1.8608271923248325e-12
5.058252742794995e-12
1.2692624997351617e-11
2.940077739249627e-11
6.28669831624377e-11
1.240917381567867e-10
2.2610988906862165e-10
3.8032308528395593e-10
5.905303998874576e-10
8.464245923519755e-10
1.119929612038571e-09
1.3678851170923804e-09
1.5422861628482913e-09
1.6052280551856116e-09
1.5422861628591402e-09
1.367885117111625e-09
1.1199296120622169e-09
8.464245923757948e-10
5.905303999082297e-10
3.8032308530000655e-10
2.2610988907972092e-10
1.2409173816352794e-10
6.2866983166041e-11
2.9400777394238015e-11
1.2692624998119193e-11
5.0582527431059215e-12
1.8608271924406434e-12
6.319285885520142e-13
1.9810087981585253e-13
5.732726817856656e-14
1.5314137095756973e-14
3.77641971319722e-15
8.596554538784482e-16
1.8064461966408046e-16
3.50414509619979e-17
6.274737640980594e-18
1.0372071559334867e-18
1.5826754961520464e-19
2.229331712176339e-20
2.8987712865355495e-21
3.4794423820361277e-22
3.8553320526753156e-23
3.943395806308559e-24
3.7233631218093487e-25
3.245314999970866e-26
2.6111676867433297e-27
1.750318043975822e-27
9.774700938087699e-27
5.039024026708358e-26
2.3979814592999566e-25
1.053420229453663e-24
4.271829679547897e-24
1.5991258542408048e-23
5.525960833752009e-23
1.762744634606351e-22
5.190718079267372e-22
1.4109834631510296e-21
3.540567244441506e-21
8.201253044095353e-21
1.7536544362470566e-20
3.461499441737687e-20
6.307263210339029e-20
1.0608991113736332e-19
1.6472657083455862e-19
2.3610743933744253e-19
3.124007919029757e-19
3.815671888830562e-19
4.3021580413335266e-19
4.4777324417183015e-19
4.3021580413738465e-19
3.81567188890184e-19
3.1240079191152396e-19
2.361074393456596e-19
1.6472657084136012e-19
1.0608991114233698e-19
6.307263210664392e-20
3.461499441929507e-20
1.753654436349382e-20
8.201253044590502e-21
3.5405672446593675e-21
1.4109834632382326e-21
5.190718079584966e-22
1.7627446347115239e-22
5.525960834068519e-23
1.5991258543275572e-23
4.2718296797670166e-24
1.0534202295044936e-24
2.397981459406704e-25
5.0390240269078595e-26
9.774700938416215e-27
1.7503180440233305e-27
2.8932562671017444e-28
4.4148227977701105e-29
6.218649679373126e-30
8.086030012093973e-31
9.705793505389495e-32
1.7260344189430814e-31
4.5443763553061914e-30
1.1022970298238047e-28
2.465769613503403e-27
5.092571266018404e-26
9.722724647372497e-25
1.718105401338853e-23
2.813562043569481e-22
4.2747536075533626e-21
6.031982195431853e-20
7.911438235351544e-19
9.649269984690754e-18
1.094258053364614e-16
1.1525285600044721e-15
1.1245722685529597e-14
1.0132495445547402e-13
8.40314114758378e-13
6.392300799271052e-12
4.445522336609284e-11
2.8202749750974065e-10
1.6317517071738099e-09
8.62558517277706e-09
4.17912380104939e-08
1.862654469804713e-07
7.662603924127133e-07
2.9144347695728283e-06
1.0133065663023166e-05
3.1828098729761895e-05
9.061383432153448e-05
0.00023531582854926698
0.00056022285832575
0.0012277909974230939
0.0024860622689484987
0.004666336600338758
0.008146052616894904
0.01327170928246646
0.0202578193637737
0.02910290803039277
0.03957890899967846
0.05134625094444601
0.06423106029793613
0.07867886188483032
0.09529947772708519
0.11379531639040052
0.13312009611323733
0.15169634930242967
0.1672921962709715
0.17734652698090578
0.17955093494308413
0.1725402404501143
0.1564451037173415
0.13305834517667198
0.1054916204639739
0.07830536535648114
0.056687472677660104
0.04115526241971234
0.029442839929882614
0.020225662047516045
0.012982560113110437
0.0075774788162211145
0.003918607938125688
0.001759717290820072
0.0006825165864449523
0.00023236919891712605
7.156228835019327e-05
2.0402845408871556e-05
5.434235449877906e-06
1.355126964264692e-06
3.162119554232545e-07
6.893047313639843e-08
1.4007748263637716e-08
2.6477184593960537e-09
4.644334426230047e-10
7.542579785470084e-11
1.1315074258201784e-11
1.5643723802513067e-12
1.9888666247851808e-13
2.3205586189270506e-14
7.221429368600077e-05
0.00027358001450638404
8.72371161756635e-07
0.0019922538989412394
1.056463163876217e-06
1.2119983787820848e-06
2.9211030034117383e-05
1.109934146636583e-07
3.7441627621911274e-17
3.231704197227845e-23
0.0014113893754209843
9.858798375403911e-14
7.128321375500682e-07
2.454897897639964e-22
0.034087920379793565
0.0014073688061659393
8.709311629143042e-06
0.0034017849956146035
1.2185854072656555e-06
2.9191806280825387e-06
9.043830258637897e-05
3.103247696102569e-05
0.009278297710516739
0.0006034703541932501
0.030215364545870118
0.04141548458318016
3.213114708094522e-16
2.4574755499648574e-22
0.03179452868838586
5.664980977441441e-09
2.2259570660614476e-18
0.07873585955719316
1.1033618558493065e-28
8.729540297892063e-05
5.255579439212202e-09
1.1105938219940111e-07
7.252980513614274e-05
8.674975745055673e-10
0.00012023867075856058
0.0246512398439915
8.352458970698339e-18
5.85887255178941e-22
9.84407154609716e-14
0.015320998346841728
6.085655347353705e-06
6.8380640070639e-07
4.227004698639244e-06
0.07523071940320812
0.05538842306297716
1.1849179278027276e-09
0.00015523678632774982
8.685682170931741e-06
1.6019624386935553e-12
0.0002297794233611927
0.015589322001427933
0.0015704522468758743
0.04218552519599567
3.448895987669546e-16
1.202673947467766e-06
0.00027987690326351994
0.0011937206461027472
4.377773476310215e-09
0.018655109212066492
0.0002288822084260387
0.0005790587434544911
2.74797367198598e-05
3.861001364667275e-05
4.822421398635375e-13
6.096093765295658e-06
0.0016972668760238002
1.240730065986087e-07
0.07805917961554386
1.2908686524895045e-22
8.720035983623117e-28
4.136875474726863e-14
2.4034701523355765e-09
0.023496250506816526
7.959966199247465e-05
0.05785532958553835
0.009326895208740709
3.0998235595182323e-10
1.308934038729753e-09
3.1013732443944617e-10
1.7269956079889748e-31
1.8602522640773858e-09
5.583159090659804e-07
3.155725895905426e-07
0.015659345652940856
0.04246086968870047
0.168129338935069
2.6069312512007637e-09
2.5272907012764825e-09
8.602061077928851e-08
0.01859811268139571
3.2266119866817345e-23
9.935476009902856e-18
2.354695045906329e-06
0.03478620480195855
0.003137000800973839
0.05719899900479159
0.04207760305916729
0.12638088600582037
0.023974914427311825
0.0061922177678142
1.03725236531513e-07
6.9177207682388355e-19
3.398805346526828e-08
0.07205452173006621
7.441837742008461e-10
3.3205980391878937e-06
1.1945860254257107e-06
6.9795042954256e-23
0.09886147499453025
3.683765524140539e-12
0.0004953487071940982
0.003428626006932689
1.5464116288520098e-10
9.700154202049981e-14
2.018266322751074e-09
0.007768415266797247
0.0005821988957810163
3.997915889356057e-09
9.040913333402433e-12
8.587634548519252e-08
1.1863504493638934e-09
0.001473607392364274
0.02230264193328092
0.00011756446393766789
0.10215615729766017
0.015379626927400294
0.033372321461710194
3.682973310622712e-29
0.031914463664244976
2.74506039438516e-05
4.222372774682027e-09
3.600861367590705e-25
6.992692647198884e-10
9.71666986504962e-17
6.362656016218053e-14
0.033979826223539726
0.09763521490377279
2.676423244121059e-05
0.00032740361456387666
1.2435120936703409e-12
0.06414232552613292
5.715976261302885e-05
0.17019054774273332
0.02424052671679909
2.0456088215145296e-11
1.3644973361257055e-06
0.026990020509414826
0.033596909742497225
0.12905874021881164
1.5912409488376422e-18
3.6750565923183673e-06
0.1131058290887557
0.03772079303227733
6.833371784999034e-06
0.13349534106060518
0.10266100016232134
0.18055064771051876
1.3263178342546018e-11
4.723795887401839e-24
0.15304291235214748
0.0006067249326470141
0.0004935913240790963
8.426448909508583e-09
0.00010485317451584965
3.2555596940382954e-11
1.0766389342076418e-08
0.052965066950996696
6.353290071958393e-14
8.79384271465532e-06
0.13339515248396555
0.08614597497664192
0.14587599015194977
1.8637388931943105e-08
0.0323153601480184
2.3659551520820765e-09
1.8588860257233672e-08
0.03246310855023579
3.117231064416235e-20
0.0003247493360739562
2.6634765859294883e-06
0.00010049637877649847
0.024753330455480848
1.4059990011752814e-06
5.932766557433092e-06
0.17298970792865975
0.17377279060895748
1.3735124909705077e-05
0.03505274984217199
0.0031180580337912553
3.2367802820439795e-20
1.5301635963363676e-09
0.0005807443229575005
0.0002409944713816223
8.738899676117629e-07
0.0002720901042230067
1.7988801215852156e-14
0.00019799713644041663
2.571399015949496e-07
4.699638209732503e-06
3.690641264953347e-12
2.3953052099881474e-10
0.0006051045608930607
2.3284406719910934e-05
8.735767618292157e-06
0.0002835116930273431
0.1796008299760612
2.3967392057204217e-11
0.009243153750271453
4.565188012227091e-06
4.18930752293981e-08
0.1789655647114081
0.00023943306969377432
2.6384532208746934e-17
2.7381786987294967e-05
0.013006332388571379
0.179338197085961
1.5991046342773043e-07
1.8034269716652133e-12
0.06791114711929211
2.1641840742398846e-09
4.42038250257538e-18
0.0768190882627965
0.1023123406118972
1.107140607575117e-21
7.122978628690403e-05
4.115609538395189e-13
1.020559804467364e-08
7.763427779680315e-09
0.0899693652033837
1.4709935010883083e-05
1.5659621537569556e-10
3.1312356844601062e-24
0.15000510957288113
3.442523906731448e-16
4.826345876827539e-06
8.74417449763229e-20
0.15238350235765352
0.00011842841806181464
1.588999794809038e-18
0.000274235850429862
0.019495967842424
3.2627323587188085e-11
5.804300299488156e-21
0.1284949198313921
2.469670582213819e-27
0.0933210647051705
1.0946165088002515e-05
2.007038786477747e-26
0.042531928819759396
0.1719930431459275
3.606759423071155e-19
0.009118580031925881
3.002076959241918e-11
7.997845761892844e-24
1.5267516349442363e-10
3.2559691368974005e-21
9.019864419087223e-05
2.595796296835924e-10
0.02325035236027534
0.04353352232294203
0.010928477796134274
0.04468409824071131
1.595969328402366e-07
0.006150352734695609
0.0026236041201448254
0.017332496886612824
0.007101554936290328
0.01788745783401701
0.017835996132276984
3.3897541242475827e-08
0.16660835034233887
3.928946956210085e-11
0.14890256708252278
0.15905172574696638
2.4926531285830447e-09
5.366987207168931e-17
8.317298995059729e-09
0.0003083362249449891
0.11988656595688289
6.5022198216958814e-24
0.0062238798918979816
0.0697980527699159
0.0701440345290139
2.358309956329751e-06
4.61504787729479e-18
0.004971881525670069
0.02444699469087407
0.0031854325429901908
0.3020962377346225
2.004138595688491e-06
4.622083992390966e-18
0.013521673036170035
0.03808528130138121
0.011830959743841414
0.0026305594887241325
0.038319199427418606
0.1784209097331394
0.053841485200030494
0.00054462390669127
4.812550925056705e-13
2.1238203825093108e-05
0.09796369504399986
7.613688025674922e-05
0.04389857414661619
0.16944347882301525
0.1761512285326961
0.1821758176098784
0.12043767184036792
0.18284953437445695
0.0005125190226807568
5.466738575503987e-06
3.0249502441346674e-05
0.17550439251263333
0.03896209719064512
0.19999489200929124
4.9569947429758355e-09
5.285348860605308e-08
0.11562411510181715
0.1590218239488748
0.08353914597734628
0.0017664738809567543
0.11526513935800806
0.054234629128023425
0.10010419461165536
0.004460305409058314
0.09978463992208379
0.0832647692671058
0.0010168135508828735
0.37807735951193977
0.023531132399389705
0.42754496502010314
0.09214987114137187
0.051942045499966505
0.3650582372454695
0.5057691979229162
0.052113315110233996
0.44038413461326836
0.01833577441631051
1.106903453733319e-07
0.09281068572965458
8.213371867318058e-09
0.06717785972933622
0.06740607865590943
0.02300786557169666
0.49636210660116903
0.5531425599827018
0.2747631923227979
8.826197316674815e-09
0.016144299068994453
0.1622277735157736
0.5316385317324149
0.5634780442812702
0.017245578200950698
0.5164657332631091
0.22450810617185207
3.232109340771494e-20
3.9148929452321175e-13
0.24493391083871965
0.07387663962551395
0.19283623947104198
5.715046940483033e-07
1.7766694715422298e-06
3.90780374674246e-13
0.005601879119505045
0.11108243902593079
0.5026923274734405
0.010019637743943858
0.0023433574991636686
0.00964076617952389
0.0001811548124856431
0.056179469462495454
0.46410144023860467
0.09885165514719485
1.0708435888627802e-12
0.0009132102050950984
0.4511055946585119
0.38005021379573584
0.0028656788926578374
2.852309376453687e-06
0.1003980410212922
0.670294182773055
3.850482339239348e-14
0.40540291669579376
1.7791577207956195e-05
0.04386949411019476
8.75542444730432e-06
0.6167020194810882
0.16385982638825236
0.07605831127995769
0.14438982492478492
0.28341355087611747
0.07508859633695024
0.3051519074437162
3.193802054370193e-05
0.18365693271537573
0.06693928390395618
0.0543435617087114
0.17793381196778638
3.1951509584399543e-12
0.09242891583840047
0.8118458546100262
0.06519599982811715
0.8076035067215526
0.16592457382650513
0.00014852772079551675
0.005315541155727122
0.045804355797280615
2.2450415627977426e-09
6.006591915385284e-16
0.40046953663009477
1.5880143286481717e-19
5.7914428590888214e-21
0.34077292902108514
0.7257034441192299
1.78316438654133e-05
0.7775254324273032
0.17276884398667863
0.07189256288007546
0.03887870915249869
3.2166823506523504e-13
0.48462839134550606
9.663448538690869e-18
0.13695270579224617
0.5565093595384816
0.5387054894476615
1.2725695384277026e-09
0.21374002733076844
4.59020668243236e-13
0.0023493345270467485
0.031638352889717135
0.0001639668331478741
0.0016384981816373522
0.38709058473865326
0.2437557783519376
0.29880138973407155
0.00823249209436882
0.47839607021929886
0.05144519121829821
0.007385608717641231
6.990670226834322e-08
4.686100075490024e-14
0.00740856166994333
8.326695615810931e-05
0.7661859866254573
2.594053638082328e-13
0.006531504212594097
0.035926173209034344
3.8574140473099284e-14
9.013738041242036e-11
2.0489159745644636e-05
1.288786906108753e-22
6.903614857132818e-05
0.007119490455417293
2.0057921991772897e-09
0.7342854719361726
0.0053813774584617665
1.8468194567404987e-08
0.047118826539804974
7.077388949356477e-09
0.00013981568417226848
0.7968323862061972
0.0010348078355958484
0.04893002714422999
0.0007219161932382677
0.010933225655650889
2.629386741183573e-17
0.008208621447006669
0.05082268902937879
0.8228413760070179
0.030814102067303364
6.038637404335059e-20
7.097939257088325e-08
0.05137508850381805
0.05074168959510644
1.5077038646189515e-05
0.05640077799600605
0.36756645090783135
0.3265164655238186
0.12092538226108393
1.252351098498768e-05
0.6150531486727435
0.2831307475031509
0.09736376601145372
0.3296926555372965
7.613811548043197e-11
0.00016959539439066764
1.2551159360544896e-05
1.0173596101476727e-05
0.004358049853142036
0.03407562564827523
0.11441441156384052
1.6172712960287487e-06
0.0912845815042675
4.9424945709711266e-05
2.8074899583757013e-05
0.6823323412095875
0.036624896798563726
0.014329897983030974
1.5110790144533095e-05
0.3515687276736242
0.29616960533260983
0.28453117839882597
0.08165245581888152
3.712219212112802e-05
4.373449569535501e-06
5.670384034173795e-07
8.451032730724595e-22
0.3561410551644845
0.22525990923187114
0.006555015385685398
1.1069668444839634e-06
0.009455489420452025
0.1550102874178036
1.068733280311789e-11
0.008057196814184066
5.0412134299370594e-06
1.7460101331312064e-06
1.78065575454667e-06
7.599313782340138e-11
0.42254099300285775
0.0016412715907385637
2.9204007837281387e-09
4.148481321939848e-05
0.14225491569095447
2.58932990730426e-13
0.38759997058929563
2.073008341489943e-06
2.735459731201064e-05
2.5733497375807308e-06
0.09303875514555988
1.035954947932838e-07
0.14056496078495428
0.010852062762086404
2.6860012667436973e-09
5.682160798036745e-07
6.887015653094214e-07
2.242051073326158e-17
2.8163242330955956e-22
0.2984416429369765
0.15559949198834888
0.2282859255246905
0.5065967701033305
0.14813290171278798
4.8077563727858516e-05
0.009542861109106763
0.008106638129095496
0.09563470557194799
3.535248621481152e-10
6.405213380698918e-19
0.11354783030136859
0.016254032231022675
3.2651785371111473e-06
0.09393814798887025
0.004832219986387331
0.0838865457123619
0.21304619894073595
0.196960064337898
0.008200158647225512
0.0022960661300422576
3.5284632387593666e-10
1.315863405648448e-09
4.931147233012795e-05
1.042312767584825e-09
9.081213956543189e-09
2.860418336594158e-20
0.0009876680095179144
0.08334390044304911
3.2009986540653474e-12
0.3068182024543251
0.07168317546487524
1.843112826240059e-25
0.06453939271730542
1.6884188423928094e-11
1.0195902665620439e-05
0.0001440534846515438
0.16612343017657646
7.669383334817045e-05
1.5463625949038162e-09
4.5590560385278154e-07
0.4759475455272322
0.10302296535811592
3.845052327893417e-12
0.08377369056443933
3.0864352053186646e-29
2.144534315583771e-05
6.040487923262548e-11
0.09662718365348573
0.00013543883504429436
0.20620962330356832
0.007616953944438405
0.0004999312209907559
0.0009873172865420654
8.73431586011843e-28
7.225671450909325e-10
5.929030081675397e-12
1.100120064241288e-25
0.029820368444146234
0.0009154913362088112
3.7158745841410895e-09
1.0443233529540479e-09
0.08810575814978915
0.002791803789801456
0.0068235843548034416
3.4760430109177247e-07
0.0023047966308457827
7.648503071278468e-05
1.2047819720287805e-07
0.010671240121843143
0.38999691966686206
2.3444336792612686e-07
5.0229328145932535e-12
0.007744780899938686
0.12600598389427733
0.005692906152098999
0.20821741376874608
0.004874461518550063
0.0620374675243525
1.9243474242585897e-17
0.20729667595955517
0.11925887607694294
1.867762501659496e-12
0.08276250342625988
0.08343785969366746
0.033729761750902566
0.4603219927715137
1.1531559317497907e-11
0.008996580829686802
7.107053801448895e-12
6.34805353453783e-06
0.11653882729319534
9.407946334514673e-15
1.8045630513644512e-23
0.3559789913338947
1.8507151270142628e-21
2.729392455998499e-05
8.617690723833403e-14
0.006917772676909616
0.11688480962464931
0.4425625278809676
0.16807333405379157
0.09766050660130493
1.170880713523539e-11
0.016123901687619895
0.014412137626045296
0.2458947069118878
9.191446866735694e-12
1.5368296472798584e-05
0.2801677327919266
0.10146182350944687
2.6829174112046087e-12
6.4145007080234525e-19
6.907072539949586e-26
0.4620119140776014
1.1742225113449888e-09
3.0986120631454806e-14
5.950766754014354e-15
1.4872962286743356e-05
6.704600313207036e-27
2.740427013485781e-05
0.2097021920488021
5.529593305356104e-09
1.5696508289305257e-07
0.00615455087674557
1.9881691360097423e-06
1.2519124526760602e-05
0.009668347054880937
0.015083493292536361
0.018541516506699413
5.488981255533858e-10
4.519490227880401e-20
0.06257939890532621
0.5740460311605778
0.015028699326691212
0.4992483500052575
0.5411105980065932
0.02663225642929624
0.0018499914374865412
0.0007460690084721438
4.509456245403328e-20
0.03581871153724779
3.056790046397239e-08
1.1751776335762015e-13
8.124119696353427e-06
0.015567430843522622
3.8565251014637905e-12
0.09026167855717372
0.0002904193565353492
0.3988290162218774
7.218460250268659e-13
3.4825371017567513e-07
7.670342595661862e-18
0.031765962883501905
0.0016516964005641327
8.190759764921599e-15
0.11744909357484375
0.0007896928623291682
0.13807686276061742
0.00029822075244326956
7.158095203452095e-05
0.020525510275021346
4.712850612890361e-08
0.023319373104784963
4.735048702090636e-08
0.0005340430436639368
1.900137486342119e-17
7.659030319424488e-18
8.077478282101005e-10
5.722405522117873e-05
0.5746474820326583
0.0878876395777338
2.182352209395139e-12
2.436033975938859e-15
0.05179231826347398
1.2072079908245355e-07
1.8572403068346726e-08
0.005633634390105871
0.015934540783694363
0.0010847053673161194
0.011866278974047033
0.08206830255233175
2.5260363318489127e-05
2.6220330778153903e-16
0.0277597312400677
2.34830269289545e-08
1.983612906445878e-15
0.6218509649763496
0.04898409028943148
2.6643103427349086e-09
0.5238478022302958
2.8041833513444055e-15
1.908500705324137e-24
2.6590109143787435e-09
0.43590518829388797
0.12229722264498571
1.9801703069914773e-15
2.4315503500236766e-15
0.0004024041886276904
2.626476111418525e-16
4.206783321855731e-15
0.023078063976105408
0.006171500349563791
9.47216950486124e-18
0.05189261264420217
8.050385926594617e-06
9.208289426945187e-12
0.2116128704493786
0.043920441034541846
6.361716148582778e-06
0.19629827179081574
0.06923939490131224
2.256518092515485e-15
0.0009557279018781268
0.007184355344842092
2.228475317485121e-08
6.376042262152846e-14
0.17569633785846625
0.22555731573568566
0.6945830605174572
3.820583138258884e-17
0.0009849559109308965
0.04717913378282613
0.0014172461609167932
0.05833804732296021
1.845181879262832e-25
5.5483616979937967e-14
0.0252744260708306
1.3133140831721771e-09
0.10020523456000748
0.013651994015563329
0.029515325828116522
1.795777620043812e-14
0.0005353707923947629
0.12775812321156252
0.022103700112700877
0.10769587480133214
0.0005010605951335809
0.12580441773090756
0.0012623449502145731
4.426903136066629e-18
7.032758579645798e-07
6.189148151747778e-10
0.009895867245655488
6.842878327183536e-22
5.9658169555508215e-15
0.006374659772209596
0.022304533902716545
0.4534678395248129
0.012373418046161737
1.7191667051708061e-12
0.00851408382753648
1.075869342374427e-15
0.005508721284038972
0.43643413843917384
2.925094909190094e-13
8.386126045839174e-10
0.46906135915654645
0.0322072219194239
0.02130970744979149
8.205756970359695e-15
0.0003516658183638361
1.2907578205974999e-10
3.749124724198356e-17
2.397693037310306e-13
7.215016353064581e-13
0.5837722668073545
0.0007486409318568778
0.19319144402605895
3.577956538111689e-07
3.9299448154863643e-11
5.93719246310909e-09
2.412526211155923e-06
7.070633604027949e-15
0.18555786973006183
3.799218968674727e-20
1.6482160291857528e-05
4.2526661477121116e-07
0.01729829546664584
8.829584144048457e-08
0.00029892158191824255
1.8056178159928237e-23
0.022430214889377523
0.13631878090486024
4.7244621885288256e-11
1.896775880971828e-17
3.0609911991906077e-08
4.238489937554012e-09
0.03471156074285922
0.17643446884444966
0.12749342882014827
0.1773116341677491
0.03732524955792068
0.15188070423411376
4.715662122295531e-11
0.2489307427973088
1.917698844216042e-06
0.17704101107404216
0.06459375995291691
0.004553981681741607
0.4519034263456874
0.0992329760257784
0.0057214428979549545
0.09321482648584971
0.04230915869114582
0.2578546135851273
5.276560682624275e-19
1.2935886171462324e-10
0.0990680187625654
0.0020426509128791785
0.009962827806396709
0.03818397197733103
5.558799655470417e-14
9.83440885411415e-14
0.1351835763970996
1.6679792428626897e-21
6.914094580310122e-26
0.06193311193751456
1.423099142844884e-08
1.9175055727925675e-08
3.722131954216995e-05
0.029398450614938995
0.1845661400319698
0.17937895947922103
1.6455832834967054e-08
0.003216288069932189
0.13096286411350294
4.4464136372517716e-08
5.430580873526227e-08
0.008971688761759284
3.5535106690368275e-08
0.0012229350966226195
1.6445685867428613e-05
1.1154893071663168e-10
0.12179083101231573
0.005168550245814081
0.0303503276233996
0.00745532849468968
0.10358878919833836
0.06377302665741302
1.3544692063550555e-05
2.3350315338301724e-05
0.003995658373717683
8.167436155640845e-06
0.18666263183286522
0.0002073159978609237
5.9552701997715e-15
2.7714573170824387e-08
0.024755881497542244
2.7965915636198974e-10
0.32558992455624064
0.02308396483357754
3.560637616401668e-08
7.558908023650002e-08
2.776965880549185e-08
0.18052666641501952
2.166799412743212e-10
0.10655935992761417
1.425933795767224e-08
6.051843313044898e-11
0.13536616906203652
0.27909191066734845
1.6489846614246927e-08
0.07692397287004143
0.14370004063454347
9.72940151476793e-25
0.002047770935774245
0.05717342648103666
0.005667474758422641
0.030160224675963434
2.0266577302551417e-13
2.0700953673986337e-21
1.2433428663250474e-07
0.36212477295250756
9.485163290479981e-09
4.455425995913306e-08
6.47320660744067e-08
7.058086796019748e-15
0.12711619806381708
0.000193472985345157
0.026993968850336766
1.1744686051386197e-05
0.0038193283142545277
6.222918853990248e-18
2.3806890976159133e-18
5.4417195846525074e-08
0.00025668749156732994
6.479260795724982e-05
0.31307393395762595
0.0010733163615062624
9.424884054897068e-07
0.000595322077044623
0.6189270049997048
0.004727005977820567
2.5174265532045456e-06
0.07529427986965219
1.5767317182898191e-15
1.32781008229236e-12
0.13369511550340804
0.016305840981154146
0.5460449076315785
3.0971925159520687e-06
0.26591320591057105
3.7187403246644806e-06
0.10032255936199803
3.418682380740281e-05
2.5121244864552706e-06
3.0905954972258484e-06
3.726777492144263e-06
0.06636342990923473
4.840305949807876e-06
0.662809286456608
4.382999576233401e-06
0.16871498749619832
4.554225722006757e-06
0.24935095600771257
0.37673893258198854
0.11766352127726086
0.04854609699057782
6.870938997951779e-05
0.26531337562484225
0.33989689358028213
1.9100775189438406e-24
0.01843150065797242
0.12004096998178805
3.597832560558103e-11
9.00961496265908e-17
0.5668640323293257
0.3883280885843063
1.2023780786130656e-08
0.0024088883356099835
0.00012693929069444666
0.010876976253063062
0.04912996065132992
0.00597090607166645
6.886586594389726e-05
0.023177626426462077
0.030744945356634315
9.590259509723753e-15
0.0001488759823467207
0.000351874853374335
8.160184633333518e-19
0.011406945091179793
0.05120053685329674
0.010639832131620907
0.0006684290542805606
3.213046539249452e-16
0.6909555278185164
7.0955778144928335e-12
0.0005505536128648723
0.4186915945751934
0.10529230070646865
5.260636292786705e-10
0.0548731474250847
0.00012723473922888982
2.9706086082104834e-07
0.1011849396629218
0.0812129232872982
0.6113796208372281
0.0005518959890045995
7.330670135622243e-06
0.39230168891612993
0.5615788795580186
1.990012342055657e-07
0.005708845682366155
2.3055691433507646e-09
2.340282802673029e-05
0.011221321668386752
0.0014644983728782143
2.375853943198184e-12
6.201516732121655e-10
0.0008662974431132096
2.976964455965307e-07
0.002526228240109328
9.483051536196622e-18
0.0003712241188126479
0.0002812889498378917
0.00405997205554688
0.2977508273052245
0.00035092769345970617
7.203263145615953e-05
0.04958793634227974
0.0017429157029517225
9.032678326023427e-08
0.004858846862161197
0.003832053242152704
0.07536750429119225
0.5905164528822725
0.00044452574932015907
0.5517421529547142
0.0295254692564021
0.011489081376549175
0.00044564037815890574
0.004369490933381173
0.48206082436937503
0.003240897800581012
0.27914670489667076
0.11728768119408
0.04149698465351305
0.15177456494857072
0.0014116146159788092
0.10087074948085333
1.632642547503928e-17
7.386710221224925e-13
9.447353641439126e-07
0.6544191598388582
0.004030750738917615
0.01888246815242173
0.0014066095707481899
2.1091724249061944e-08
0.07559115065428833
0.037215120552498954
0.06175123221116554
0.0032902087528856585
0.019731658139547074
0.02412318379934341
0.03749766117695852
0.1009172899562475
0.023186659134275294
0.07514494091802013
3.570686412757154e-07
0.025673750733807486
9.019415789397997e-17
0.025493429864238783
1.9276348335879487e-17
0.054142341196673806
1.9957340937768763e-06
0.04908290752251077
7.020200211802532e-07
0.019756111342688572
2.149277121144625e-05
0.0030692621539760248
0.11721839009667619
1.1526250603698286e-11
0.018205704178574252
0.0013819514460946985
2.3240738716693657e-14
0.027723493867437755
0.02148149556795662
0.03831037748479394
0.0014052852305910064
0.12576945198054396
0.029902262643228376
0.04815996186050036
0.03726457843804687
4.202776181022947e-15
0.7726247861665844
4.876253342651374e-06
0.05082790000605693
0.06396642961555982
0.11766030285906967
0.01898261473242452
0.0033177478176178348
0.02391236570315328
0.0359060531961351
0.10822772168881067
0.02617466741442514
0.00010595404901137327
2.162715394961972e-10
0.020724591549664797
0.13628831798498386
0.34558340729398895
0.002651127086766714
1.0770441943151138e-15
2.6730718358305695e-06
0.15347948393318048
0.16713970611248005
4.840902943841647e-09
0.12107293798322777
3.722797535743615e-09
0.002130620681636813
0.0463493980569133
0.09650297309333299
0.00023481499553759438
0.018477689749077507
7.111185676729417e-08
4.677529046628419e-14
0.6410716050295281
0.0014104867523712767
0.008526609482480635
0.043093084607996816
0.0032494476580723873
0.02960923814497888
0.1525935496659378
0.0020299718579490918
0.04864351612036306
4.9128491776967355e-15
3.261236284886514e-10
0.1676155910157187
1.807069904114213e-11
0.6853261023055152
0.03845187209340186
4.580289978703507e-13
0.0002478649558975712
0.001747311883485082
2.409361693048564e-06
0.028311926102864364
2.311780040175882e-06
1.1612310616907042e-06
3.028868276258186e-09
2.0495269631672264e-11
0.026779764499957184
0.0014089199456657575
9.11390894902207e-07
0.03015523050176552
0.03741364797435696
0.030941368406214552
0.03576410147514703
0.7188245303011092
0.0002707843800402662
0.012715162763346565
0.3996456695160043
5.866245517933122e-06
0.026049033639317223
0.45352504939863025
0.14548354094850344
0.1500101913199512
0.0010483852305932463
5.956938626928887e-15
0.030372738822391686
5.946033385514771e-09
0.06049243716560244
0.12264439838760571
0.03235487225255741
0.10031159729105409
0.0034094582733844884
0.14043763901563946
0.007801423035987971
0.1178692204601889
0.12217695872314045
0.17847163148419548
0.026700212933666364
1.91903219402243e-08
0.698984611872415
0.09351382691996259
2.346563355488125e-05
0.002051417253248647
0.0751997797204562
0.003355248983638407
0.013696064411481683
0.04923005973503791
0.15623737220093437
0.06342122009166092
0.1869627232911471
0.08570860847287352
0.20706131056117116
0.18433932839977352
0.05058459497641437
0.05936230546970105
0.003842437392732496
0.16757735478218408
0.1538045645841299
0.003468901133208398
1.8694486177771654e-07
0.18829759286796655
3.77592380812215e-11
0.021516631378928643
5.20981853413071e-08
0.0011200227624012585
0.05043314389277993
0.17447816377789113
9.845814369644582e-14
5.213357231475976e-08
0.39506694301140344
7.220684306801684e-05
0.000571191724761049
0.009558026277268756
1.6365902451714066e-10
0.07833479623130941
0.6662360061610025
0.09143088974933251
0.5164267487752824
2.3829890130803302e-18
0.037027025407963224
0.002582633398230963
1.1176552522419264e-10
0.0026313182562873634
0.008861370974246285
0.4669482647262735
0.10689106207422591
0.05919487879647013
0.16812932353881396
4.568452709703259e-07
0.1475166795395887
0.020587428988567514
0.13101215808487002
0.015539621025695794
2.922531664476641e-13
0.1881338338707762
0.04008376616589775
0.1419070293706818
0.13630954268725126
2.432552424429695e-05
0.1003887422634211
1.1686877361544607e-11
0.02526812638553699
0.010548574103977953
0.10052412597554423
3.824510673931129e-17
2.724519668855649e-07
0.0004942888153751073
1.0527020037629026e-05
0.0006668141197970673
0.04692537575412421
0.11298568424313
5.766480910331453e-05
0.08406812189235467
0.4940389293118584
0.16983559804364518
0.12691608625636897
0.1941036827514443
0.025112539271199795
0.1553819013880165
0.3335082512462123
0.00020782300710293103
1.4723218932481109e-08
1.8666571514735488e-12
0.1367175886498599
1.2048143264279073e-08
0.13063708960716217
0.18750879782215846
0.006317725466370715
0.4997940420569137
0.056328778053372615
0.36631847656378286
0.013073526442432709
0.17825203221985103
0.0005837470988746297
0.018516452719726247
0.0006522892751013493
0.1668596890739631
8.632723759301366e-14
0.13805404612891406
0.18372781723307754
2.376678687778981e-06
0.06770956321548667
0.17965037177188403
0.04706706161689525
0.0016099828965989793
0.003502871890571856
0.18273170436866193
8.750349997253795e-05
0.001385540041935051
0.06541368794944578
1.5664645707547291e-07
1.2142263672861922e-05
0.18206163141003742
0.0341190992521522
0.10185251595406157
0.18573555150962026
0.08321732889570142
0.11958059424039792
2.5489609674830836e-05
4.7095946153091436e-06
0.18862731652371267
3.217344060422923e-16
0.232592627673872
0.6525620907522989
4.624111224433303e-06
0.13831376160459635
0.09222139592673782
0.11435606284321052
0.05213611144391057
8.008083707379535e-09
2.310187783452278e-09
1.286711324419158e-05
0.010595572102681498
0.003944696438344611
0.13043164204314442
0.01731084348707773
0.05735789600544405
0.15965345755458948
0.016964844414657287
0.17866215122768303
0.0014563454137523026
0.0006193325155714429
0.7324571703584033
0.0012391719329225078
0.10985421260689575
0.0006225610699118902
0.0676758121383806
0.16388164696127622
0.0026242270190611227
0.6084415934248342
3.2186147809335213e-16
0.2934170971467393
0.2165561293341876
1.2354780751568654e-05
0.2650687757779355
4.456232170616112e-10
0.14071090563746985
0.1506538843019247
0.12564782664892274
0.0956786824269499
0.0030772726510286327
0.026160050494711873
8.106694835561353e-06
0.03595102014014396
0.3063082598547275
0.4393447876176992
0.40812603666320363
0.1705761283754312
0.0261321759862652
0.5805567417562919
0.5225513319814393
0.252479582676955
0.0004955151080452629
0.006061199317299184
0.19172828918856905
3.778037612043151e-06
0.3435398501829353
0.18214942815881438
9.376002090471098e-06
8.140068042395692e-07
0.0060778219110465825
0.3722582556783529
0.05298612032726605
0.21188179638821847
0.1058492077064541
0.000952783356775882
2.195926672971976e-05
2.5253273201011558e-05
1.7497433523863992e-06
0.0007916162451588612
0.4216213040039592
0.1684398233203696
2.326935935233472e-14
0.02520114955586004
0.1902605047075783
0.0513483700270983
0.0801275717954185
0.018533458777535528
0.0014557824024636582
0.06521565155949015
0.010578866554768385
0.0034099736906417406
0.17076468874122835
7.069121968840455e-12
0.2018618931792212
0.038660591246080636
0.12352394978426914
0.02686152919832386
2.458255230135974e-07
0.37242350842604877
0.35191501859436125
0.0012192702682152453
0.2953978758181279
0.11819128679079827
0.0020439603472125266
0.00040588869689201645
0.00224639419103161
0.000237007380987764
1.5610119028355858e-05
6.486703110155949e-08
0.000655138002230325
0.13990937677530582
0.3743439413536337
0.6022044971689124
0.22450939450806465
0.2501323807097209
0.0005629093588918715
1.442977208152097e-06
0.0011710910383699968
8.757472999645838e-06
4.002091608174934e-06
0.020745169131135513
0.038765007415149065
0.0016531547147786792
0.1065438194801822
4.392625160656758e-08
0.016620807993445473
0.04703371707175147
0.07225221629375386
2.406209623902309e-06
0.16434840925703667
1.789928645490903e-11
0.0003508340887665249
1.4399361132549184e-06
4.842845021044299e-06
0.07921037840024808
3.941216422500466e-06
0.2501761230232181
0.010938282898406128
0.0005742962523006436
5.388601444348083e-13
0.01709472828713675
4.1578852175201404e-05
0.003920673703005145
0.5385597434592915
7.720842422659843e-06
0.00024844501908466676
0.021077863410182807
0.178202781954369
0.17890130788805345
0.000282746643462476
0.03309288177550466
0.07338761897078258
0.06095360891343952
5.650839114887964e-07
0.0004381780915813405
2.7740840227927705e-07
6.174403622014013e-06
0.001319854957942264
6.952451622441468e-05
0.04946022695518941
1.7708332102046104e-06
1.9421915944354782e-09
2.840611868649566e-05
0.07809367572493449
0.1936483584534721
5.361543681097753e-05
0.014303537508908884
0.17930701147653236
5.6843215467220777e-11
0.1560334340503093
0.001701683845466225
0.040395126261385715
0.013755291867590112
4.044400448835043e-06
0.03366105366215303
0.038592363498431315
0.1958410817373145
0.1738966839671379
0.00015510264458237392
1.9163345574221471e-10
1.823581025116282e-05
7.544899846384608e-08
0.1550937749365178
0.000517256314596386
6.124904147846337e-10
0.03598202052801648
2.107021485917941e-05
0.0033018742256220113
0.1503855428034658
0.0012361054182205206
0.00010619713922583134
2.368745593563332e-06
0.028080132463474298
1.1588195862132176e-06
0.00012387725110358667
0.02590661260379825
0.17428973506172166
1.7548153164260526e-09
0.006005568240706946
5.651684610884092e-06
6.146213989659058e-08
0.07763467249585593
0.03784519566735674
6.189110683242981e-14
0.0009913997985588955
0.13511876852192414
0.09760994094615684
0.0133542570203986
1.8576740781139583e-06
0.13842385676616215
0.0005685040653525048
2.044189581086107e-05
0.0018583102037921606
7.251916571946311e-08
0.09022742461828678
0.1516119043206875
2.287226124567354e-10
0.06329747513585982
0.11730379993220576
0.22598917616149666
3.237741952014954e-06
0.07324236985067238
0.14117318722392963
0.10103695672631076
0.11954433856990122
0.0012012380004113126
0.03397305335512727
0.07230420045858027
0.08165903922061866
1.5588479045454108e-09
8.073333292250083e-06
1.9096188514758957e-05
0.004778602610484372
0.09699098841647666
0.12605926744657725
6.486538794405809e-05
0.009636370936290172
0.1231728322494116
0.11020912919387751
1.3503265537229673e-06
0.01713435147163945
3.715183817631367e-11
7.467120805017211e-13
1.6711368483199757e-05
0.15561655274579997
5.01993314814641e-12
0.044429626334958866
0.14810057928784964
0.00018889751058041024
1.7982405441888645e-12
1.3354115613752658e-12
0.018137344783769715
0.00845357383949553
0.12268808464575796
1.9999165736649492e-06
0.09802004259509169
0.2516860222794448
1.3089732985303863e-10
0.05112623928891062
0.2532952871771209
2.1526521452006438e-09
0.00016016141729891615
0.03605604419216248
0.16746820791749403
2.0302749516105795e-13
0.09598274894473963
6.163507531999555e-10
0.0002239895931776384
5.5511142239243986e-11
0.03198704119357865
1.5668505945006432e-10
1.0503504236748332e-14
4.0666718965536615e-05
0.1742293233371907
4.727088052041041e-08
9.575813658055579e-08
0.000566874992414438
2.1949356905224356e-09
1.3599638921427755e-08
3.0289460495905016e-05
2.5082377613897472e-08
1.7160506189656788e-12
0.00029606448097421815
1.207081262206625e-09
4.089974781143071e-06
0.06688782255227245
3.604503486642401e-11
3.4104373036185514e-07
0.0001241864893006896
0.0160091917368671
3.6213012828106077e-09
0.05284510949375801
9.753603966682378e-10
9.132695470547551e-07
0.0033641958843209883
0.026165409621684985
1.1666980498504667e-08
9.050679040200441e-08
0.0096619510384121
0.08037969127519787
0.009412079296826427
3.1799309862039375e-08
0.016042955504537118
0.0029457853693300824
1.8291401136017787e-10
2.43666789334308e-09
0.0005734233805968192
0.06541874539684915
0.0002219369237848984
2.1133280992849068e-08
4.886697199147546e-06
0.00586402556560302
0.041396375856984684
0.002540966482949431
1.1185753495389904e-06
0.05150813492440612
7.108560948098635e-12
7.290697463479031e-10
5.067647487447745e-07
7.589868791470253e-07
0.001431097636361239
1.681445368440657e-05
0.5564634458171336
0.12492486592348152
1.4384252159625734e-09
0.00027157359753600147
2.4764218129695788e-08
8.835154165646967e-10
1.1799189468322853e-06
0.0011268310345605196
1.9554264734741896e-05
0.0028587518074795985
0.0003126200675446197
0.7325780336360214
1.264927413868907e-10
1.6680768712655812e-09
1.558194705167908e-05
0.009880903494673412
6.83231392540201e-11
0.16692013361966268
0.02227088294028976
0.0011356685383219036
2.6095774337150527e-06
2.811128642517641e-08
4.850331409774575e-09
0.02392900366987718
0.038727382351841304
6.941355331788769e-07
0.00024608312281126644
0.026816661896042992
7.378486371748793e-07
0.018284003459389724
0.0005396874596574357
3.5405300909028465e-10
2.894075307560718e-10
5.290134821697332e-09
8.936523325791934e-06
1.8857229717679116e-06
0.0002352977641893497
1.3298653377515204e-06
0.003401049527250358
0.7466932205958302
1.970483170986248e-07
0.010321726303890938
0.05011772612858497
2.328447969041458e-05
2.9262662413003212e-05
2.7913008792801517e-10
6.660666420515964e-06
8.556271729598542e-13
3.5516917690829954e-10
0.061840919256922325
0.14813184020666817
0.0003140799454993521
0.0014595598071193096
5.6860865833386956e-05
6.44508355409602e-05
0.1798446155141129
4.3174775925534175e-10
0.09637251526143428
4.202519712042364e-10
3.8259830989506534e-10
3.3493144748048933e-10
1.1008382482357574e-05
5.284923622436383e-10
1.3722826364255198e-06
2.809447574519481e-05
3.17162834593794e-10
0.1347727317012201
0.01873349721452179
1.330207274393975e-12
3.8011890991686657e-10
4.823667474334014e-10
2.928498470951545e-10
0.7060615698561374
9.962674362945906e-11
1.492015327035492e-06
4.110787256830257e-10
8.53999791328993e-09
3.396124791114552e-08
2.4248137237504538e-08
2.6721903777557826e-10
3.207400655141468e-10
1.665882774456032e-10
3.851768568679367e-09
1.1964339877784397e-08
2.0106344321823858e-10
1.2101139156442523e-10
1.9531315181984932e-10
0.016842851104577408
0.1851254475222891
3.5418648954411813e-07
0.00039963663182457533
0.00023497586490827977
0.03727448455990113
0.0011086727917954382
0.15840416836185525
1.3875381414101007e-09
0.0011935397551170366
0.01679605279140302
0.07367421288767066
0.6209659121389386
2.2914228154494743e-10
0.1976095786982184
7.813502228319866e-07
3.1041486074729157e-14
0.000639501030273468
0.15693978088388558
1.0534025267555102e-05
0.5086730313718782
1.7369284473040517e-07
0.009152115592777397
0.0013023703491400825
3.2551989893272385e-10
1.0795759689813533e-05
0.1395792663872872
1.6241648552960312e-07
3.122595412163338e-06
0.18282783050978685
0.38810387870109
0.17119770117834698
0.1521473635328949
0.0024490117754647047
5.645231343973585e-07
0.0059876389151756835
4.516476844421216e-10
7.317322735578482e-06
0.005382230929687335
0.023164368965145173
1.7423509921244843e-05
0.16097161443553074
8.804547528911345e-06
0.24066734502219583
0.1889731263051925
2.1793782810255137e-08
0.2748506235225705
0.004233412538978183
0.013789585648356216
0.5150868431040284
5.3491789671008386e-05
1.761158199195588e-08
1.5568983584697522e-05
1.098007413586237e-05
0.06890895305102965
0.2763221976135877
0.0551850388813056
0.031578608623443874
9.178120579221748e-08
0.6336740018400052
0.0014461583904909002
0.11294248662095142
0.008313521067067023
9.9218105433512e-09
0.23579901599001343
0.0002012826879830371
3.833831422988116e-07
0.13423204801722183
0.724978306815007
0.15513464471472402
8.424949229053513e-08
0.050388992867560024
0.18303486794841176
9.605519146057807e-15
2.0943160475791004e-16
2.417010085704925e-07
0.1589422361156818
7.9922377291915e-09
2.193993644572031e-05
0.7667960091082366
0.09550175165901845
1.0395608172407705e-08
0.1776613467360603
8.54455615558662e-06
0.28525941001114263
0.002782654215559674
0.12045399274464487
6.708727817702073e-08
0.11317220313849667
5.802085459232223e-06
0.0013278314124249202
6.639582270355825e-07
0.02296511256006271
0.4942720209617065
0.16512865051273934
0.14522955731652898
2.038263850362164e-06
6.971300213126524e-10
0.01625860401721583
0.7541686751830488
0.09427858305273056
7.3962042339794e-13
0.001404762721233884
1.119827225004395e-06
7.969529478085828e-08
0.019286029343434184
0.1910302448309048
7.848395520277275e-08
0.015226794560798116
2.4247569313322928e-08
0.3288457496594276
6.995590980727116e-08
0.0002638414693338537
2.8157084209914695e-08
1.5794489931304967e-15
0.6411570837778211
2.0907513092152182e-16
0.31768155209727267
0.0013232367301753514
0.6861825368578786
0.3286680414924065
0.1811192299883917
6.741515526315791e-07
1.4750202300732241e-08
1.3436978197363913e-05
0.05135655872381498
0.0915559287762663
0.012367834529619016
0.0005613716895358272
0.29378646622218735
1.3446444753127047e-06
0.24714319068171944
2.191526230998259e-05
0.2869846622811811
0.00011020466856651087
7.302655860037781e-09
0.041301329214374044
0.32832385620131266
0.17352583280123693
0.3194181770675473
7.227521074551708e-06
3.805318368568014e-20
0.0759148580475352
1.569659274471559e-10
0.0663389947093529
8.108990735749812e-08
0.1347424448757912
0.0023252775034717063
2.4166699566533224e-06
0.2389899450369827
2.8972077696391014e-08
0.5756370380851308
0.0001454602027391086
0.3444644371200132
0.19823756308044638
3.6251626741080383e-09
0.38823465480493535
9.76821758151037e-10
0.18052339866490236
8.356679347047173e-08
1.1665431800075e-08
0.0002874589687948219
7.1110776108753834e-06
0.06211932917395629
0.005313111428037285
1.8008808326370407e-12
1.0821903257875849e-05
0.03422505596744418
0.0010071007134592619
4.8690833733950115e-06
0.018929127303595174
9.62048299089659e-08
2.549132357711449e-07
8.589746702258744e-07
6.508290687909781e-06
0.025341522503140576
0.3377382986767677
0.147143156210592
0.20748562141217464
6.174758683464464e-10
0.08033185387285716
0.0030057660191958107
0.1418667089911641
0.015108757049673327
0.07279436698220253
1.9970176077057793e-06
1.7733223193197312e-06
7.531316699653873e-07
0.08512764407178647
0.4455384542699439
3.117501394131273e-06
0.31209675075693194
0.0027827958262492177
0.00015977674002380087
0.0009576642563005468
6.29423126064855e-06
0.0001565541818421001
0.0005654218093474081
9.176916241093977e-05
0.018694646967350365
0.02382531255526229
0.0004496797546134345
0.19469400724752087
6.103879437342661e-06
0.14431459560989127
9.3688327303268e-08
5.566049223001805e-06
1.4309408347488675e-07
2.529718357066242e-06
1.3665932602562486e-08
2.987244626654232e-07
0.4795310864007475
0.025615059443044413
6.194438471499097e-08
0.6721103368949224
1.4684132719362358e-05
0.03620422037987037
0.04157956067756215
0.0006151388235076969
2.2312433182673543e-07
2.542916429395392e-06
0.1037188942689766
5.270939183716391e-10
2.457924984641473e-08
8.245421035436292e-05
0.018111252924986873
0.018556845772667356
0.319437163371582
0.27240005586575616
5.990123706059221e-06
0.00036158772452716626
0.11250446553780794
2.3333733928041837e-06
6.2346541155889255e-18
0.005476665431932082
8.65016494859451e-05
0.010673259687514647
6.875912569225981e-06
6.053528933603947e-06
1.64251111170907e-13
8.464574621150608e-07
5.126043651616201e-07
0.1794127929838962
0.07830065095679502
0.0046293335269199645
0.018710194523334788
0.0014544236642942898
9.314229901028747e-08
0.2741232888175076
0.04970114586669244
0.16117914748061427
0.026483090114514423
0.06584431789965316
0.16868835796935652
0.12222636405114619
0.00015568940234344662
0.1909340464119911
2.9276876566384725e-08
4.177593916326586e-08
3.753292660824354e-07
0.1731847182758614
0.0009142803195187497
0.1096081033553959
1.0521392416709149e-14
1.75532749197371e-05
0.18977577279585195
1.568168363371329e-05
0.004749021474770514
0.0007280429717301867
2.838457442331114e-06
1.0338615279364885e-07
0.22700542690961603
1.971893792906035e-06
0.7083511731923877
0.0004405910834732223
0.062497726028340736
0.13590703845345858
0.15014887191025109
1.0269461849990349e-07
0.00022755219347898926
0.04047849465217909
6.637526480857657e-06
0.0011902431454403138
7.376383477233286e-09
5.846955770714429e-06
1.3822304565258118e-06
0.012298309416618091
6.374440650864709e-23
2.4952992194495807e-08
0.21134932220557712
0.5963998255107869
2.770055668042712e-08
0.4684401720729161
2.7466758573400316e-07
0.6928687784356529
0.046221981187043425
6.719644423646747e-08
0.020209821779658375
0.14324486576561396
0.0014110677136342147
0.0011262611269223916
0.42176901036368936
5.495850737130901e-07
2.343279193709844e-07
3.3711010671489326e-07
0.6301518943663834
2.35241056529991e-07
0.5339517942186038
0.08149989686033761
0.7057007222057657
0.01065911838262603
6.98607680987164e-09
2.4200044704737344e-07
0.021155282699747747
0.00558773266745222
0.000384259744773224
2.1798898986015155e-09
5.2930376598006464e-08
1.067074035632217e-09
5.42205441788158e-06
5.25317460679012e-07
5.284841456912482e-19
0.0016134260871320187
0.7745145659041524
6.831710910619143e-07
0.3108332301175985
0.002065075741671946
0.16432028449919708
0.014941245054912252
0.049787730511678965
6.301323878473749e-09
0.30763337483589415
9.639920043928153e-07
7.265528286120364e-07
0.0025600164488465815
9.449362780610042e-08
4.21147851287499e-05
0.003306523440109251
0.09451453701847666
2.473698730566799e-08
4.2124353872229024e-05
0.2512883151154584
3.8047975640210463e-05
9.464015837907659e-05
0.0005218023011372942
2.4411386766410317e-09
8.638193225542955e-05
2.199587280554843e-05
0.06627257255328407
0.3521969694454125
0.0033114123433825747
4.076271392050497e-05
0.0672194226038335
0.0001461024662682926
4.724169348672008e-06
6.199684683737959e-14
0.010613685394087295
9.917016911280093e-05
0.7885956855241627
0.21358794913206594
1.1924595692129437e-06
2.54725175937422e-07
1.449044772429549e-08
2.1920309070818114e-06
0.0001461663919662726
1.9453031234895532e-07
2.4154788174573334e-07
0.038844732852233915
0.13686749302845325
0.0002017550629733091
0.3776567062542017
0.00018590174873523636
0.011482170374127807
0.01435391874928534
0.008742242493761945
0.08189955944592993
7.498948562820964e-07
0.00020306104304177475
5.2890025333673115e-08
0.012919136915769564
0.13003804792734258
0.0013474756838484853
1.5561438154416504e-09
2.5879813874386953e-06
2.2098079875986654e-06
0.010350242731439318
1.9617974246581775e-09
0.7443221750546033
4.5249278769615044e-10
0.0006163242820577977
0.0006409639104339298
0.37758614067079377
0.0557683713877378
4.539243635779617e-06
0.07010499827137218
0.1657846819872171
9.085374765327236e-07
4.080087728491942e-06
0.0004097121604526747
2.0961932770754545e-07
1.9455874548444818e-06
0.0003825538134724469
0.0007659903882482991
0.005922619682528591
1.1745802558896141e-06
0.02079609440791992
0.00113846876691614
5.788624824517375e-09
0.0009566512453072013
5.3305722261826975e-08
0.048756788613872115
0.19958227657885264
0.08799258971470203
0.16175553857975059
0.004766803646483302
0.14848441911280383
1.6705788658672505e-21
0.1811791294503918
0.2749125192255969
0.649042065227265
0.011686133215600875
0.35334724190903655
2.6060852484290376e-10
9.941700677699625e-09
0.0007832860630100178
0.002200886490457956
0.0007397827412107996
1.23824510368471e-05
1.016065909099288e-05
0.13714893765724342
0.007708567249869092
0.0015660418288470032
0.12099428235215996
0.1636596064117784
0.12272699651118472
1.36382112900706e-05
0.23390280962598742
2.730006551115568e-07
0.18379181076371987
1.8671380956092428e-07
3.408406878165033e-05
4.715015906615909e-08
0.01045814072082092
0.38976611656040905
0.1288355674112191
0.0032638398929331785
0.01919510686009831
8.157304293744655e-07
0.016957183033929384
3.91282247304261e-07
0.000477788917513822
4.296834482751986e-25
2.9851845845586316e-08
0.00018934784314034078
3.352228272552652e-07
8.630509682027136e-05
0.42015135193119796
0.01863030632594299
0.09753973517446511
1.956592490989479e-06
0.000382832863978151
0.21472274712296172
0.3102541485885271
0.005240460923683881
6.684957136949491e-07
0.04938815211415283
1.0823196651724327e-09
3.3932947096538283e-09
1.4270439181169913e-06
3.7163905142014444e-05
1.9731896301107074e-07
0.17179784205702356
0.07503026879312173
0.342693765381446
0.0017662684348740093
5.410030915502372e-08
0.0954962580254139
0.007278176870684611
0.0011523200476957864
0.17383531579442343
0.1130953468307955
0.0031533166830705448
6.951830140660346e-07
0.12492078956180529
0.0008204050631071675
0.4198992662474965
0.5219275055635338
6.991594711142834e-06
4.0227285233908203e-10
8.810977124759389e-07
2.1643248587212146e-06
0.0004275190641390882
0.03152704347988372
0.27205848247595843
0.20506080969040574
0.00030330024861157734
0.008933979971453065
0.17595655658131237
0.010283811550785006
5.902397433923532e-13
5.6650721351655395e-06
3.0954536036271294e-05
1.8564045043325757e-07
3.202081037770758e-06
7.860636853704627e-07
0.011855045014869881
0.19535859203454176
0.0015492143470591823
0.0036454775695226272
0.003583401518836513
4.787481071179427e-05
1.9859435468500243e-07
4.633368004479486e-06
4.2007064093247396e-11
0.3428597106045938
9.109921847193292e-06
1.1873684037129187e-06
0.018374334345394164
0.00030574641928346333
0.1435532297546124
0.2576293035266658
9.469021518853275e-09
1.6342689362742849e-09
0.002669914342821664
1.4180843044995695e-08
0.011422816320298748
0.2165061673083674
2.1401272814122467e-09
0.1592305847542119
0.023153945606892944
0.018301991183148996
8.642098603550892e-09
0.03947996813455904
0.38725164641518794
9.380064663005557e-05
0.15101694178161212
0.19216575761568203
0.03530202746363943
6.564307012091345e-06
0.06961376398929282
1.5365400379170567e-07
6.853469488200728e-22
0.12359043713669421
9.163148732965131e-07
0.1758862836005226
0.017855662169440675
0.05507801983753512
0.16138967182010847
0.02676006557907878
0.03709297872208084
0.07178041183845932
6.347439717863553e-11
8.092902379313921e-10
0.0011415001275007907
0.14479908514726297
0.0004739217683204229
0.0008149256150696461
0.000229531082160095
0.03711778459664358
0.03988792562343951
0.1607097418483042
5.809774466668284e-07
0.07863541211729301
2.8238255165963745e-10
0.1292715704112872
0.026438719980656108
0.0005670553601604918
0.1856888951130294
2.4850610060302365e-07
0.002502821451406876
1.4280107312476474e-06
0.11290531954084396
0.26506919495086956
0.25179722447723624
0.003760275571897777
2.1621133478155316e-06
0.004770217661166798
3.1960401180482254e-06
0.1822781573263187
5.693568782815295e-07
0.00037148347313864424
0.002007292315447789
3.176569392185976e-07
9.08906354672374e-06
0.18565362823457413
2.0287679682955805e-07
6.126554270986964e-11
1.4677742201453094e-07
0.014319431173200977
3.02146269199861e-05
0.1561370883060204
0.16121675301604912
1.6746589920377293e-10
4.0156577364033054e-10
0.2971921199289168
4.622988336944714e-06
0.1304659454560613
0.13211101956667531
1.3818112554113409e-11
0.012454269969692748
6.604571902300382e-08
6.998486050558744e-07
0.03261890722424364
0.002898328367509216
0.0002213730770843499
0.34968267533978076
6.434561573842467e-12
0.0018839293052819105
0.7946727419517966
0.1718669465753614
8.570718741763598e-13
0.01624383183640155
0.2045433422105138
0.6100652544023772
0.17285567126257476
6.549096067693305e-06
1.6396581216873566e-10
0.5085504192298312
0.03334318130784396
0.02137504277920476
0.09788877928731167
0.0018172145627470186
0.048219019272746445
0.033721264236447404
9.13651514194252e-07
1.9579165048183832e-09
3.273886644077866e-08
3.813584597958682e-07
0.16783707931692035
2.601769711348188e-10
3.911894247162631e-07
0.005879479776363687
2.05580929743888e-06
0.0030981236678546626
0.0027410142179221954
4.705845967713184e-08
0.6572741326197065
3.03022883550445e-07
0.0004682972236647153
0.5620755635609543
0.27766078764640034
1.3937411348489456e-06
0.020987351006863806
0.7662485246331338
1.0921744246907972e-07
1.7551003485415236e-11
0.00406520596458828
0.0005421446419198537
5.714443723480474e-09
0.0009626284128212741
0.0636994100618442
1.2113841374494316e-10
0.0003723104273162805
1.4133002091382696e-08
8.113664337159717e-07
8.416882974462581e-13
8.723577896120485e-11
2.0247341859233914e-07
0.1013071248741808
0.013547651922558069
0.18152245711788642
2.50749132379134e-08
9.627076720931889e-07
0.2715135596689792
0.021372638631222688
1.4648901757354564e-07
7.793105616480535e-15
2.8033426820167632e-11
0.14717960830432097
0.007082500611433443
0.0008404600669290303
0.013136790994453031
0.09902073666588704
6.288968476613459e-09
9.255039884742238e-08
2.057695534732512e-05
5.797796994925942e-10
0.03584098274231528
0.012808964441298087
0.0002864928111355851
4.193163239663438e-11
0.00772725633665739
0.005801652112248696
0.000845922976269428
0.024131130960475526
0.2050801177309454
0.05596568627134893
5.890555759863038e-13
3.640600896425439e-09
4.2131694802545865e-12
1.9388256843883833e-07
0.00692822787125021
0.009036900954918232
0.0021823219976220033
0.012977307579815866
3.416032436309516e-05
0.5395102795454796
1.3861706368336318e-08
0.0042521332850652726
4.3662992288344033e-10
0.010302803829039158
0.009992104292473271
0.00669231939255398
1.3319662632903405e-15
0.10717526300410475
1.6778037607906714e-10
0.18478841868088053
6.115455964230065e-11
0.05377743653988697
2.463353011508856e-07
0.34701310752259834
0.003932894646823782
0.33869305378582476
0.13388558880790336
0.008483784151839356
0.07039437868412811
0.4092656892473111
8.743779611673228e-08
0.013169125784578585
0.1331437569500736
0.00789096992334991
2.411874244047629e-06
0.00042938391200252816
1.031843304140633e-10
0.06604550294369121
1.209139588148227e-10
0.008846861820034945
0.009669287200916213
0.45405909764866315
0.41938987673665706
6.113354724657264e-10
6.617592242260027e-08
0.01424848850189522
2.2976896061873064e-15
0.011410995163649596
4.401318610298673e-14
0.007779551056749137
7.780420195359451e-15
0.4647929464962572
1.154191586222758e-15
8.707648304319699e-11
1.396384758460385e-06
0.011110950211675031
0.00022291880412983418
0.006116692640589872
0.016928399922173862
1.0814409529488205e-07
1.0960418015513015e-16
1.006816607121105e-12
0.0002041227434060377
0.1739793347899396
0.02798772937205481
0.44594872545142744
2.1072234785034393e-07
5.80514855798454e-10
0.3958061968118981
0.39247263385331377
4.921412662777539e-15
8.263143360155976e-05
0.11661230995292894
2.718167911059925e-06
6.872659972141701e-07
5.671514450236538e-15
1.548394679241947e-06
5.03255076703546e-08
0.6349346492435036
6.935350362227019e-05
2.2694296013823523e-06
2.808165418130953e-11
0.015316449803216685
1.1020121261811925e-17
3.195458234629878e-15
0.00020477985039843915
0.3426023301908604
2.068552671468208e-06
9.331813037151574e-11
9.404852705372306e-05
0.003706413673528407
0.007410523850941918
1.635379633230429e-17
1.0651544652049287e-07
5.029995904632565e-06
0.04121393733764795
0.05742139605760874
0.15736552218029698
1.891514607260567e-15
6.339241633824439e-11
0.24792922376780868
3.968588278138408e-15
7.921278860024016e-19
0.17282931159299725
1.03347680615956e-10
3.2061930383931635e-07
0.0031581880549512143
0.028381893518011465
2.9063757086678715e-08
0.08619025757136635
7.01278251198476e-07
0.002518036124694154
0.18680458070382272
5.242567296085673e-07
0.1766143649955847
0.010822438091726134
0.004000292901753669
9.526522354022315e-12
9.349667267270465e-11
0.16813186115439285
3.7542894082479685e-18
6.423229977810948e-12
2.2934183117687437e-15
2.4453205187321875e-14
1.3600308367317017e-17
1.894303976955309e-15
0.23147377706268044
2.0432414961683367e-07
0.0866134853437248
1.6354622755756737e-16
5.3555873873164106e-17
9.543425178491882e-12
1.7584909946074858e-11
0.20171487862285992
1.5692194233087583e-08
0.0059673825000178754
1.3301246880206418e-15
1.5661658021912254e-08
3.1899983324439645e-15
0.08178978645169055
1.7968927056258004e-05
3.6840630430284695e-06
1.4448767635247367e-14
7.73994313713972e-09
2.3336911990372737e-08
0.005911747354412276
3.961855472357144e-15
1.6249415597851705e-09
2.667438449371845e-12
0.0009716959530955133
1.1724538877123527e-06
4.279343891847214e-21
5.56065481202168e-08
0.0019429633368569545
2.67512437133931e-09
0.0036146386190537136
0.001365910825012153
0.005621993414284671
0.01536350098877256
0.0031201628352428576
0.002621688193194775
0.2124259161127686
1.9677457669315406e-06
0.00019574063205470585
0.0021603498773576247
0.00017257168552536306
0.007012669824606788
0.6208820374987939
0.001359087617595163
1.7703648721925208e-11
0.07317771817867526
3.6476190828231586e-09
1.4170334380770709e-08
1.099873642875475e-17
0.0937885408211038
4.059856628258237e-08
3.942523847839364e-12
4.374714808914086e-10
1.1731060671618673e-13
0.0019705999288438317
0.001065471743848639
0.2127596019312523
4.10853871814451e-19
2.639417407055278e-18
0.67059885186167
1.357776128022715e-17
0.04303075956140303
0.0835648530046289
2.5481291097334955e-07
0.007024260510725168
0.00983525741414028
3.8007882969910125e-08
5.7739236695396455e-08
1.551619317576026e-06
0.002225418251046842
1.6281220412979894e-09
0.004835828809918564
0.0004414509023549298
0.0006462459582615262
0.004813657501035733
0.614688110020496
0.47626417347495703
1.7735493439575294e-11
0.003051838092427533
3.6761571163593765e-06
1.5582916815254563e-13
0.022424690703474092
5.028112897002523e-18
0.006915541018997769
1.174876528765365e-06
0.21854317443426186
0.012857541656168595
0.19814745006125584
0.021047301481563634
1.5930563680985702e-05
0.00234009978063501
0.08959794308698657
2.907470140977504e-08
0.05385268788799978
0.0027142142446320992
0.12110396453402174
1.561052609504788e-13
1.895094158422429e-14
1.8096625432038324e-05
0.0047242993251159025
1.9509936128798866e-11
0.012377129472572843
1.2271934582597301e-15
0.020042879669901335
1.7203096502456215e-23
0.0050863373560742844
4.715210066628077e-10
4.2205412806481985e-12
0.5119531485835949
0.029838205288907186
0.5836446711875216
1.2292904990417549e-15
2.849793522654417e-20
2.0894257996887182e-21
0.009716672283532677
1.8918147833432325e-14
0.01584152518393276
9.231742834180342e-10
0.3027592581749482
0.00222717284921431
2.4496273051962254e-14
0.3078107654466616
1.0660988045809897e-08
0.19542630014077841
3.749037446198431e-18
0.01672690773483752
0.021173508414212984
0.0013605377501233334
1.2524897975085357e-16
0.2819157118361467
0.0048057325357153124
5.0376451443690765e-18
0.16759218804765183
6.265318736640191e-06
2.2242568635812554e-08
0.004001550456366651
1.638231965535589e-16
4.199912457138474e-05
0.006054254173536985
0.21577761721852387
3.0836932558448566e-29
0.005128080339807798
5.761293971813117e-22
5.004742249331514e-05
0.13254701966350935
0.004696744757193585
1.61905119725238e-05
3.723826116731208e-05
0.3193087227379047
2.7240207899033293e-06
1.1343187168554308e-08
0.0013704181247060263
0.19283470732876773
0.4183280884698044
0.19935268153848187
0.00022122972635575837
9.338214555378274e-16
2.2272368726163819e-07
0.19366970670650946
5.098721812869093e-26
0.010179187836454546
0.5989795194938345
0.0005126479953513844
0.06915101913231984
0.0005715454036941281
0.1715740749281978
0.168370297243509
0.229390603223721
0.42149354879732776
0.12024780801879563
0.12061322546127706
0.0062439436827579796
0.1437300619650367
0.19971603222389622
0.00015021962436622313
0.18710175106534296
7.987752754741107e-24
5.019715457758449e-05
1.1498890112861957e-11
1.624177442810705e-10
3.805359064750882e-13
0.0005950787072235899
4.5183587457375284e-05
0.10320458648984238
0.010404405694307041
0.22043249906277382
7.453920719400472e-13
0.007892235508314388
0.20787842064259987
0.20619740289135016
0.22739042451724498
0.0024204345024162904
2.6802377304040983e-09
0.22580041833675835
0.0008833045710143232
0.037661855645476736
6.95503573664935e-05
3.767784416028703e-09
1.255232279663234e-16
9.688073684565521e-17
0.016394048975113346
0.27168475604337167
0.21349178495283302
0.00015074771811126775
0.0936587125757079
0.06429464362870654
0.15959797748806626
1.9208242523036518e-09
1.442376926193801e-14
1.3488719144080483e-09
0.24398904186840958
1.0086215581600142e-12
0.00012270976322955508
0.002486900510353387
1.5251685983695445e-09
0.13996025563813252
1.9244584921260683e-09
1.1365133307275077e-08
0.1077487293354632
0.00010787852899873921
3.280199852133559e-08
5.5191898024616214e-09
3.5224401835377195e-05
0.2053517323856896
2.7317959483383154e-07
0.40251853383858555
9.35055377124148e-16
8.009996702005614e-09
0.28284456234836947
0.005680723120370287
0.5313395272366357
2.6871273367575103e-11
4.448544022656756e-09
0.18102461084053525
4.3691457657470717e-05
1.3463527568681539e-09
0.0005618342614063337
0.00020328925670663308
3.532927574972267e-05
0.00024522365066317566
0.16441346360107217
0.2346721290803874
8.336374125593969e-18
0.25295639969257167
1.6392871372555916e-13
6.223895911866379e-07
0.0057148229326529085
0.08931527249471267
0.012482648200263095
2.4252213095156363e-05
0.0009383102415391409
0.06127657650289376
1.3793386568175591e-11
0.008876579481038375
0.04226534825909177
7.642929391369397e-11
8.025319841053953e-09
0.19036607276334241
0.17275513333350767
0.0011101216796423486
0.20456154022737774
0.0005632801557661689
0.27911269021205865
5.353126814908313e-12
0.00024534987913304003
7.549003195325383e-05
3.7986669317749553e-13
8.548611529538965e-05
0.607007810390882
0.47842525917797685
0.7859140052201017
2.4187839129295648e-05
0.3518203940089935
9.214738495339321e-10
0.0819748632718147
0.7156965401611751
0.17951525070279528
0.00010827546248047405
0.6606990736796949
0.23285132159076782
0.24077606458231302
0.8003351547752433
3.9496214836842295e-12
0.24797346497323386
0.7553892163851662
5.146484781258724e-05
3.841537894057356e-07
0.15373210229278683
0.13126169550341785
0.008863143691168173
0.15146016183891126
0.05523378550840393
0.09318483195803148
7.575173646534329e-05
8.256070649276175e-08
0.24368280165627806
0.0006462171380649618
0.0002531404975036304
0.2871807552888771
0.17057250059614434
0.00121814876010841
0.18358246696246244
0.2711823861094142
0.06228231719829142
1.7321073814495794e-10
1.6165509900099898e-05
5.0542805944800065e-06
5.3445986543065754e-08
8.6788503917436e-07
3.416059560692494e-05
1.0339590780925286e-07
4.436930390486117e-08
0.00010488609299099766
5.362859131909854e-12
4.934012349140027e-05
0.08585537120279095
0.14776934537984782
3.593810646077287e-06
0.42051529591648545
0.1962969537141377
1.3332539380440474e-12
0.5536232580245254
0.042540618877934255
0.7727643805493752
0.6786086436468185
5.652440140593014e-05
0.29750674713182623
2.682206917161922e-11
0.817148918321925
1.0496773805081637e-08
0.0002763063312079702
0.801546062190808
0.0004014204981930244
0.7281448751237806
0.08492170422494842
0.08878015608632642
0.6108740316065221
3.785243004902244e-09
1.4505544373425151e-11
0.14194308305560574
2.7370783209319253e-07
1.2690329721098418e-07
0.003940811903901145
0.0016119829014813937
1.4532929491146633e-11
0.00012099256500138152
0.00012265336649793713
0.004545035712616648
0.4732335734967885
2.6430363115229555e-18
0.059934136999018825
0.004861804309109715
0.19657542654573235
0.0003044115834330339
3.81712479567383e-08
0.22162158523401296
0.002455416489143071
1.971409940680534e-12
0.14648599095672651
6.122913779637297e-11
4.7874134605191525e-05
0.005330367693836438
1.2965864830425736e-07
5.709190119029662e-05
0.13517432102793625
0.0005402724958975491
4.736520103914464e-07
0.0004507736832639281
6.501674892448364e-05
0.00010738142925397685
1.5273183343106814e-05
2.17830822920928e-12
0.03878556684353974
0.003955110691790408
6.87314973397837e-05
5.046733175933722e-05
0.06040290729848962
1.954532916885191e-11
0.09219796129560641
3.222519465331512e-13
0.00011661280085247543
3.522193473999417e-10
0.14977580047125474
2.9463159649219926e-07
5.160057230843184e-05
2.8346956551252187e-12
8.661117958541197e-07
0.00010043627140365316
6.49952842539053e-07
0.08331868814480702
0.00010741899982445236
0.09494873132917313
0.00023832639556346834
6.8017475438540365e-09
0.00014384420693858304
0.06429307713939286
5.398005854741214e-13
0.11498597766369538
1.8878782630206125e-07
1.6388361289663687e-07
0.040618897220677096
0.1536711199467856
0.17192123883261073
0.12901478621553258
0.0010786631041224085
0.003400465863193194
0.06063831002360223
1.54797732827933e-08
1.9247831903522635e-05
0.0001072387722204752
0.1310911194448554
0.00013115311923820198
0.00020317625141277803
2.6879693534238103e-12
6.502023117755905e-07
0.09051977068453029
4.260097861113714e-07
0.1590214403740202
0.1814321001921382
0.08739532607361107
1.2672727837565514e-07
1.974848950983386e-12
0.4786163612967481
0.5253651535686128
0.28472789502039864
0.7228222684942925
0.05926792324900527
0.06440295077368045
0.7310404255219993
0.2382755663993396
1.8912335280666566e-07
0.06409440006943092
2.621992510202291e-05
0.8105094207976664
0.06457453246736188
0.7602052435876373
0.11645657259884427
0.10748767395841327
0.6692971008404383
6.868093978310289e-05
0.583943210282048
0.0627620779499038
2.609688708660105e-13
6.626749210872538e-15
0.08745813811119729
0.056492037671922346
8.250699814687581e-08
9.904574821743788e-06
2.8296322551500192e-12
6.235791520438691e-07
1.9411066605119225e-07
6.79021240361721e-09
0.045424070762943726
0.4008389156322002
0.13188185778489636
0.27464302736315194
0.052349865850545234
1.235160647410341e-07
0.21577102906363252
0.33659278605539716
1.940848480518141e-07
0.0002144411070634935
7.605749423533307e-05
4.3472411647586953e-07
7.5044617563506e-08
4.3543974605463026e-07
0.10234122755308264
1.4995174017515407e-05
4.408259920751945e-14
0.20032442767307782
4.8938612213030696e-05
0.055175560859632176
1.2567473361268438e-09
1.2133128135982482e-06
0.07522356916638691
1.4717740190996455e-06
1.2326741455316115e-07
2.949301889485042e-07
0.061585303865783564
0.00010511199213870395
0.026552324393333424
4.34510538051978e-05
0.05610979852014661
0.0969267685139711
0.0901613024291474
0.10403695291808174
1.6871506225012205e-07
0.0001691929897930563
4.3247323807157744e-05
2.6057195226146967e-13
0.0010322013281640488
0.09624559492355363
4.659201435614248e-23
2.6515517436069008e-05
0.01761116320936701
0.026894880181159018
0.002878836464527316
0.005716898883988639
1.5560904343854427e-05
0.0005499463330652286
4.048539984262986e-12
4.2544861864054405e-07
0.00024469997024765373
2.141142800749605e-09
0.0001306757105302383
0.031825334872691666
8.154995494880948e-05
4.634273840345885e-05
8.081480388773049e-05
2.6918749498877523e-07
0.3353595076589806
2.681311760172639e-07
3.172962377739584e-08
7.09839806607966e-05
7.295201170310118e-05
3.935197257400924e-05
0.14365170729452115
1.807570645466057e-05
0.17742401299870272
0.13184497385298702
0.1314629993966249
0.17822848378517797
5.513229084960944e-28
2.4905041802533196e-05
0.1835307842564512
0.1194737572034829
0.18438125363091007
1.1039843831707104e-05
0.16464834005479173
0.045641204205889255
0.14448140821458036
0.1828449092095864
3.2617034409268017e-07
0.16466089124995528
0.0001352386897107344
0.1772461600430127
0.26956168737091046
0.0185656680497058
0.16393227955314058
0.14374233401566897
7.545619404177736e-08
3.9877463906393393e-22
9.529128482725572e-09
5.128407452515446e-13
1.438812097415168e-07
6.698483370686321e-27
0.11887113941444534
5.30042051406943e-05
0.24723177691589934
8.460707358717332e-21
0.22718600793752297
0.00020531070591202645
0.2818251350511731
0.00011311179642479431
0.05126373063234413
1.2929401480495672e-11
0.00010720582904344537
0.02681243749988419
7.043319290497747e-05
1.7506256618915675e-10
3.4937169495022795e-05
0.0009039133083250088
3.201767838948591e-05
6.593966115721153e-05
8.310213945327126e-06
3.942061781998006e-06
2.6425062132038784e-06
0.019947071146963546
6.440970887502855e-05
0.04170218709204754
2.5283211265344588e-30
8.996508053116576e-11
4.6663396824028575e-23
0.04487496835492058
7.64633662026465e-05
4.408584176208482e-07
6.343561951569717e-07
6.987202070498065e-08
4.105398346001862e-13
4.831666316340121e-08
2.3712554083916644e-12
1.9966305587727095e-08
2.7044023529529874e-05
2.1318264977622192e-16
0.03875834244792843
8.896129272978488e-09
2.1397165152647003e-09
4.040032569135995e-12
0.00023790281583921055
0.027415110430882877
1.4318779980400065e-08
0.05217116844647587
0.06959992321478645
1.2132088811242913e-05
3.7829908045958864e-11
2.9844540091601476e-10
4.925020987343722e-07
1.0985607622643662e-25
1.2952735430047976e-08
3.7457915263763144e-10
0.0062424277952384645
0.08595330968973809
4.451678290174615e-11
8.578877273888803e-10
0.14771558713684485
0.14982845001312958
0.16423084132585758
1.1051864404215701e-21
5.779149075709285e-22
0.06137684118195582
1.6054660806607935e-05
0.08462026110589713
0.17833428542257176
0.07348054256371003
0.1847529855281115
4.489196010638364e-07
4.06171278937672e-07
0.14581828632907975
8.755160941558567e-20
0.1651580435463939
0.010441075314396114
0.0947203513470407
2.0677136043325756e-21
0.012076024408664352
0.016213149274089633
0.006139137634515847
4.822354147573377e-08
0.0785585941665803
2.4594809905944974e-08
0.1016564386293627
5.632451845974107e-05
7.384122040472658e-10
8.450416815927075e-21
6.404019835742464e-08
0.02673383071713433
0.0003153100825387121
0.013570772417879488
0.03414222180829666
5.678496408177984e-15
0.002197621737270601
2.0801650480158616e-13
4.0553070317635953e-07
4.29113319603794e-12
8.905504999939468e-09
3.983503801345817e-22
0.013195503323697335
5.517818863055919e-28
4.546205782965359e-30
5.6683900243823815e-05
1.3281662141759552e-11
0.044758229154344256
0.031178975896787354
0.04150112649712419
4.185835399920557e-06
5.850676490265424e-06
5.221180201022586e-11
4.1131760260190125e-19
7.325786285029143e-11
2.972906854094187e-14
7.104221855078189e-07
0.0010296193529065988
3.9534342251147266e-07
8.520327697493325e-08
0.008550193159438155
9.95742604344108e-18
1.0701855124286364e-11
2.3940524554614497e-13
1.2158830731411133e-06
0.0103746876119337
0.0034191305865015117
9.600451128523732e-09
9.147534923391525e-09
0.034751754590564635
0.0039920683169233214
0.0006672053989511235
0.0005338903077974049
0.03133524990868731
5.739288171783453e-11
2.6336656533143623e-25
2.307632123460572e-09
3.7739526649471e-10
1.2185968545297663e-09
5.862416188789023e-22
2.596625583898549e-10
4.1596165353935843e-10
0.026572955072443245
0.026230515779883657
0.018298617845377046
1.3640583217018504e-08
3.195595091473824e-05
2.3770621573113385e-09
4.884704365407201e-13
2.3929162588904713e-11
1.266418611833388e-22
0.014457211423654333
9.717824675097124e-14
0.00013631449089924645
0.0002999098615238567
0.17895337728772587
0.1463476477749903
6.403050379069981e-12
4.278613046871209e-16
3.9121766271988285e-15
0.0007297134213562832
1.67436644600893e-11
0.07565734800691515
2.858086465616041e-20
1.1261323483579266e-14
2.868836880757873e-10
0.05134584274460009
0.05462405116712812
3.6662711239785695e-06
4.581996831197713e-09
1.1694100801873842e-05
4.607800245051053e-19
0.00025939260773288756
2.799153649778673e-15
0.00012704918604359295
3.3449741231288318e-09
2.8545045013507057e-20
1.413021751812321e-09
4.216766223407168e-10
2.452137367086411e-09
7.905110892097708e-09
6.629033393925118e-17
8.765493845565165e-05
1.8633551890326275e-06
2.4682267755830114e-09
6.194169151376603e-10
4.3421206988156776e-10
0.00023854164817802017
0.07599987650276441
4.759389833398873e-08
8.151121783767387e-19
0.17777229665617741
6.532749057559184e-16
0.00014474645862412385
0.003770619780568274
1.2538581485713285e-05
1.3531763953171774e-07
0.024998394392382262
4.6441826942955984e-05
0.009230516081987886
6.807473829653343e-09
0.026041796253154104
0.006169681260060471
0.0386107855951562
1.2720037553899846e-06
2.472129950245106e-19
1.9794690781696735e-09
1.517237640290154e-10
2.1330468856386992e-16
2.6334656847234953e-17
6.016879663784469e-16
5.250768711169395e-11
9.622025403537111e-15
0.11276712103985868
3.141846480088426e-08
8.332559063209397e-16
0.015695512876508014
2.6110011932424466e-05
0.0064439265549761015
0.0012073179840358913
2.90348337799598e-11
2.0972129263428682e-11
0.018745037129318336
5.620207571573502e-11
3.0537595930852543e-16
7.647666631790621e-07
0.009084009410315284
0.002500056164134851
2.6674010364404576e-06
0.027651283831902844
4.784217634106185e-05
5.8901369317128126e-09
4.5805026816520597e-10
0.14688458289142722
0.15943233395062223
2.18998212367982e-08
9.69658366224999e-17
0.08249205045890716
0.0006480005650411146
4.191220287231191e-09
2.194415049980961e-06
0.004221251296773358
1.6167831738238409e-21
1.512700846516103e-09
2.7217514122461886e-09
5.766186993963503e-22
1.0668724290081937e-11
3.904971176874493e-15
0.05248222709650231
4.069393340146143e-07
4.284995558952884e-12
2.0962158634306467e-21
1.2127810868675384e-10
8.464211998392459e-22
2.967899252215238e-14
0.04608761201358443
0.00065237631637589
1.8240876267097235e-25
1.5852709408731996e-19
2.234564660285095e-09
8.43216943579615e-10
2.066804383311187e-05
3.927723652695417e-11
2.0092522172569435e-26
2.8840945020904163e-06
0.16170994936789762
6.342119773690486e-14
6.866556381939681e-06
2.524986786600884e-30
5.725161400672988e-07
2.1474447837045285e-10
2.878461773143813e-06
0.06501103299541917
1.927533148423576e-20
0.08496797903692112
2.9222551515417686e-06
0.09224289769035332
9.039804304302795e-08
1.4523013967038816e-07
3.1400763518320555e-08
3.272162971879077e-06
0.0027174859878027237
0.05685731038309045
3.0494870343417194e-16
0.010416199692217262
4.0862993116828425e-15
0.002667882833298903
2.6376678836293857e-25
0.10977105260432127
0.056948885366398944
0.00030751399783865907
5.3707932587914025e-14
2.238576998807868e-17
6.56036608092155e-09
0.02303185289363331
1.0732278276416608e-26
1.0410846634509354e-08
4.731894902444739e-24
2.996271416632023e-11
0.03450363106755531
0.06776711976562193
1.8780566889016153e-13
2.2213893316409456e-18
0.035353670898569035
1.0853205848385623e-08
0.002693879485927208
1.0556513093765254e-09
2.1370940997168274e-16
1.5140633730654302e-10
0.12718095480277805
2.246686592827266e-09
6.52154349523031e-16
2.0256518724413415e-09
0.07638487438232826
2.0288071997382573e-10
3.126255996204246e-24
0.02710252180296592
1.3760944423590308e-20
1.791771581269791e-05
4.690687866052273e-08
0.00130835616865071
0.08230077387613817
0.09198156074681539
0.026590535626291066
3.610745508278098e-19
0.00034252792720715727
0.010562757345424268
0.04394613530247905
1.267301061308501e-22
1.848048355233225e-21
0.17195496056177045
0.01714667303108697
4.664266199665498e-06
1.0715688111352164e-26
0.010707929976239408
1.2738056865308435e-06
4.284513493642351e-16
7.811696589295782e-11
9.002827741760423e-09
0.0728944838319175
2.6331998003703645e-08
0.1676108722755956
1.9060946571303737e-07
0.06838224387522077
4.596064524488994e-19
0.011252953915288012
1.6709343732645373e-11
5.359812046323101e-14
0.024612084043325405
8.151201673849184e-09
0.1275641177727476
2.3418640638635946e-05
0.11398977003767734
5.341611673497615e-08
0.00014440445131271406
2.668506597022947e-10
2.3590913003985994e-10
2.0929854343000973e-21
0.010384938279331768
0.0028965605002144366
0.06486467141390138
9.722529292657772e-06
0.0021337151446832615
4.093644417174276e-15
0.0005397761533055495
2.301640831634667e-08
3.0095816310767413e-09
0.0054307794040923995
1.2276208213385738e-08
9.505901183103568e-05
1.1234376414668899e-09
6.619426688933406e-17
0.017049690351083908
4.518349153824123e-10
1.1597295431800104e-08
6.632737772891998e-15
4.2945274031541475e-16
7.02348143121909e-11
1.3785355853074984e-20
2.2527874908042095e-15
1.572597181471192e-09
0.06077513121175832
0.03323275396099991
0.05496158073847017
6.543612189350722e-09
7.102995919860483e-09
2.9991234645919005e-08
7.213440212136237e-10
1.0084854573614879e-06
0.029858241423567723
0.051171988034794634
0.03767815112536822
1.8981063901037511e-07
7.083233895930437e-09
1.3233415774157528e-06
0.004670122067334716
2.3648975834393096e-19
3.594095857113944e-09
1.2733877202023516e-09
3.2963988934346356e-11
0.024630503589888664
5.6098796511082164e-11
9.191199244194183e-10
1.4005862172295273e-16
6.363936336511426e-23
9.174351968237073e-10
0.014133683214214057
2.595890824059296e-10
8.313642059639008e-16
3.929392058800709e-11
2.8975823370942135e-08
1.8216941718964875e-25
0.06847248756309397
9.63962236398171e-15
1.0141755280615137e-13
1.3177591655064444e-10
0.042392951030474
0.0014303955958713639
0.004450149776195542
0.0002539976869237389
3.204647104056671e-09
4.944282494092652e-20
1.0655431607696033e-08
5.017803294821545e-07
0.017221486410047403
1.1271196969347094e-06
4.302399605790822e-25
0.023870438164467545
7.192597437882667e-09
6.8054174639834e-05
9.395036237012977e-15
2.5059456210402226e-08
3.022744792319652e-09
5.872609598023856e-08
8.771437309490264e-06
0.05100621636317276
0.15118460427078265
2.6699395320032778e-12
0.07878285736196183
0.024326215034499336
1.0341175837406767e-06
0.0049484666500044065
4.411443916368608e-09
1.503618121713072e-10
0.0011547632065103956
7.042845423285967e-05
1.398124897244116e-16
1.6143099243832483e-21
5.168833453945344e-06
0.03977371110769702
1.1956705603308718e-15
7.3858945868450045e-09
7.672144462891403e-07
0.0024923014958219197
0.035233588524622425
0.009689358349245595
3.4722329193249935e-10
1.5895140261714707e-10
3.527642096657504e-10
2.4252361119083208e-08
2.473775317153706e-08
0.0035999669351161785
0.03302360338260518
1.1978420793420578e-15
0.07895199692990561
3.260636890987288e-21
0.00043914653893529815
2.1508737767952531e-10
1.0718646024494202e-11
1.9249947177140613e-20
0.057346888371230205
1.1553020142988422e-14
2.46810823728608e-19
6.51539725881938e-24
0.023639208144278653
0.004568662470695241
4.3078434248191445e-25
3.5940835430392463e-25
2.1420289381704914e-08
2.367336495402334e-19
9.914018111011673e-09
1.2157050467242293e-10
0.05762682293115335
