1.5314137094887446e-14
5.732726817516593e-14
1.9810087980370995e-13
6.319285885126402e-13
1.8608271923248325e-12
5.058252742794995e-12
1.2692624997351617e-11
2.940077739249627e-11
6.28669831624377e-11
1.240917381567867e-10
2.2610988906862165e-10
3.8032308528395593e-10
5.905303998874576e-10
8.464245923519755e-10
1.119929612038571e-09
1.3678851170923804e-09
1.5422861628482913e-09
1.6052280551856116e-09
1.5422861628591402e-09
1.367885117111625e-09
1.1199296120622169e-09
8.464245923757948e-10
5.905303999082297e-10
3.8032308530000655e-10
2.2610988907972092e-10
1.2409173816352794e-10
6.2866983166041e-11
2.9400777394238015e-11
1.2692624998119193e-11
5.0582527431059215e-12
1.8608271924406434e-12
6.319285885520142e-13
1.9810087981585253e-13
5.732726817856656e-14
1.5314137095756973e-14
3.77641971319722e-15
8.596554538784482e-16
1.8064461966408046e-16
3.50414509619979e-17
6.274737640980594e-18
1.0372071559334867e-18
1.5826754961520464e-19
2.229331712176339e-20
2.8987712865355495e-21
3.4794423820361277e-22
3.8553320526753156e-23
3.943395806308559e-24
3.7233631218093487e-25
3.245314999970866e-26
2.6111676867433297e-27
1.750318043975822e-27
9.774700938087699e-27
5.039024026708358e-26
2.3979814592999566e-25
1.053420229453663e-24
4.271829679547897e-24
1.5991258542408048e-23
5.525960833752009e-23
1.762744634606351e-22
5.190718079267372e-22
1.4109834631510296e-21
3.540567244441506e-21
8.201253044095353e-21
1.7536544362470566e-20
3.461499441737687e-20
6.307263210339029e-20
1.0608991113736332e-19
1.6472657083455862e-19
2.3610743933744253e-19
3.124007919029757e-19
3.815671888830562e-19
4.3021580413335266e-19
4.4777324417183015e-19
4.3021580413738465e-19
3.81567188890184e-19
3.1240079191152396e-19
2.361074393456596e-19
1.6472657084136012e-19
1.0608991114233698e-19
6.307263210664392e-20
3.461499441929507e-20
1.753654436349382e-20
8.201253044590502e-21
3.5405672446593675e-21
1.4109834632382326e-21
5.190718079584966e-22
1.7627446347115239e-22
5.525960834068519e-23
1.5991258543275572e-23
4.2718296797670166e-24
1.0534202295044936e-24
2.397981459406704e-25
5.0390240269078595e-26
9.774700938416215e-27
1.7503180440233305e-27
2.8932562671017444e-28
4.4148227977701105e-29
6.218649679373126e-30
8.086030012093973e-31
9.705793505389495e-32
1.7260344189430814e-31
4.5443763553061914e-30
1.1022970298238047e-28
2.465769613503403e-27
5.092571266018404e-26
9.722724647372497e-25
1.718105401338853e-23
2.813562043569481e-22
4.2747536075533626e-21
6.031982195431853e-20
7.911438235351544e-19
9.649269984690754e-18
1.094258053364614e-16
1.1525285600044721e-15
1.1245722685529597e-14
1.0132495445547402e-13
8.40314114758378e-13
6.392300799271052e-12
4.445522336609284e-11
2.8202749750974065e-10
1.6317517071738099e-09
8.62558517277706e-09
4.17912380104939e-08
1.862654469804713e-07
7.662603924127133e-07
2.9144347695728283e-06
1.0133065663023166e-05
3.1828098729761895e-05
9.061383432153448e-05
0.00023531582854926698
0.00056022285832575
0.0012277909974230939
0.0024860622689484987
0.004666336600338758
0.008146052616894904
0.01327170928246646
0.0202578193637737
0.02910290803039277
0.03957890899967846
0.05134625094444601
0.06423106029793613
0.07867886188483032
0.09529947772708519
0.11379531639040052
0.13312009611323733
0.15169634930242967
0.1672921962709715
0.17734652698090578
0.17955093494308413
0.1725402404501143
0.1564451037173415
0.13305834517667198
0.1054916204639739
0.07830536535648114
0.056687472677660104
0.04115526241971234
0.029442839929882614
0.020225662047516045
0.012982560113110437
0.0075774788162211145
0.003918607938125688
0.001759717290820072
0.0006825165864449523
0.00023236919891712605
7.156228835019327e-05
2.0402845408871556e-05
5.434235449877906e-06
1.355126964264692e-06
3.162119554232545e-07
6.893047313639843e-08
1.4007748263637716e-08
2.6477184593960537e-09
4.644334426230047e-10
7.542579785470084e-11
1.1315074258201784e-11
1.5643723802513067e-12
1.9888666247851808e-13
2.3205586189270506e-14
6.008346956963964e-05
4.1624939506777186e-07
8.15225278450799e-07
9.925065621058078e-08
1.589580179502626e-08
4.888335046952704e-07
3.0102044749000093e-05
1.1303057649643807e-07
2.184842325489237e-18
1.3226719161273563e-23
0.0014350560887544323
5.416387163569098e-16
1.931614705148806e-07
8.045023946326281e-23
0.042350968484617973
0.00141750172407854
8.947532521469654e-06
0.003667412119498393
1.1957738991513857e-06
2.9256459812628058e-06
9.278010678019821e-05
3.1788261939916556e-05
0.006511933884318445
0.0006058478445970685
5.461313944009423e-09
1.2888431792853955e-08
2.745163815097763e-16
6.164271865850963e-23
0.032619935514212765
5.647665664434676e-10
2.0395387514586764e-18
4.0196822567611394e-07
1.1029512036861964e-28
9.04800878423239e-05
3.084329189460543e-10
1.1153343928256319e-07
5.056529742940039e-05
5.056245284649928e-22
3.706283865411312e-07
0.028387917256541703
6.744664216592845e-19
2.258876299452785e-22
7.652034650306804e-16
0.015639036447256015
5.86705861406465e-06
6.120773599359964e-09
2.292040284003463e-08
0.09809320492441885
3.4113670223016013e-07
6.814218839463225e-14
1.5574560472454098e-13
8.814377258626212e-06
1.3707232350866463e-12
0.0002395133977726884
0.016633695108373286
5.3702008373022e-08
0.04419744450872164
3.2476902604603126e-16
7.006080912610779e-07
5.011556150296942e-13
1.1220439446567864e-07
1.7920416699959466e-18
0.02847810497200333
2.3831348006162728e-07
0.0005956203626570551
2.1771075336274213e-14
4.99432909201182e-14
4.669722886879141e-13
5.709640914921506e-06
1.3641594788147666e-11
1.3297789087078872e-18
7.013851980146372e-07
1.2801782097945444e-22
8.705411962259967e-28
2.639370045203607e-14
7.554061525435626e-20
1.3981171578686624e-08
7.533451206719702e-05
6.598778607790916e-07
0.00586577624712841
5.136165008422602e-14
4.263280144130537e-20
3.3436379745988394e-14
1.7270301816797011e-31
2.271484719508316e-17
2.8656511029250317e-09
1.0001800932035108e-09
0.017103667487360592
1.6554049883765112e-07
0.22919646562658683
2.1073826607528903e-15
1.2427765426013111e-15
7.777257092332135e-08
0.026916768471705727
1.6886162713592917e-23
8.519048474379114e-18
2.3663740827426807e-06
6.473833984553468e-08
0.0018419358736946774
0.06628665818677533
0.04295634322084732
0.17179092458771356
5.852956496999539e-09
0.004892447281066306
7.167049403335506e-19
5.848886965356227e-19
3.404792316276937e-08
0.10516042199056014
2.850293937148784e-22
7.752400165876735e-10
8.983908571568033e-07
6.808273034011391e-23
0.13226036817812997
3.5829194564487775e-12
0.0001815846784782385
0.003597797771717947
4.07602637381995e-16
3.705975932691168e-16
4.159888554051702e-17
2.128410662677088e-10
0.0006188958608884019
1.0497217552642567e-18
4.4877286060869995e-12
8.285412837110423e-08
1.0447369599777362e-13
8.205040206036153e-12
0.023108996066040416
1.8632578158122747e-05
0.12071809296583019
0.015858549315278386
1.6334145291494427e-08
3.675403784731554e-29
0.03338410526872326
2.7689535073588493e-05
5.8400914135433595e-21
3.3224665554551657e-25
2.5246944573199565e-14
7.228661520742472e-18
6.265340917276382e-14
0.03898999432467348
0.11893658924246234
2.5408106170252192e-08
0.00023287189104680172
5.969303772734347e-13
2.1969427000397622e-07
2.202226752028226e-08
0.19993399352783514
1.3731783782037487e-06
1.853184211643376e-11
1.3354163584754834e-06
3.285995340100218e-08
2.5914143135759535e-08
0.15289420709885604
5.2520959537126993e-20
2.9976077734688078e-06
0.1359676407857983
2.439824228846113e-06
2.1630195841961756e-09
0.13574868588362868
0.20497671863233516
0.23409628744583344
3.148437128631212e-15
4.249851615512444e-24
0.1806929922597867
0.0006171111326593113
0.0002325055645034828
2.477515437073554e-09
4.9788904840765905e-09
3.2593138328149964e-11
5.097368699948425e-09
0.05489271096984532
6.334727936220697e-14
8.773993587602383e-06
0.13468809306217838
0.13171002855751668
0.15151762128587976
1.7635331711826565e-08
0.04205053146520902
9.662017928024245e-19
1.8303037782490013e-08
0.04110776224598562
3.0557580027555413e-20
0.00027778526819157475
1.9625426893650873e-06
1.6203825173285267e-08
0.03042091264615381
9.936457666525144e-10
1.3764737105396219e-08
0.1752846385950783
0.212747024019984
2.7908779817287587e-06
0.042019686931052985
0.0021482568434343483
3.227114077355949e-20
8.346580976013849e-20
0.0006067065590890926
0.00025378666409125056
7.6697470640007e-07
1.2362085231587692e-05
1.7780977580172135e-16
1.2828598270537863e-08
1.3265593582066875e-07
1.3168398397487285e-06
3.4283978276052633e-12
7.1545135913171e-23
0.0006103981754450144
2.29096385214756e-05
9.031623373260182e-06
1.913432747286888e-05
0.2017257148460948
2.3110701169349645e-11
0.004613340292983572
6.45430206498976e-09
4.195206551872231e-08
0.2402539549042071
0.0002463845597016612
2.205280534373577e-17
2.8019140467459784e-05
6.96394681824818e-10
0.20806218081394823
1.6343294435525495e-07
2.8528195677482638e-15
0.0816380343041251
1.9192640847978028e-19
2.4859025742039185e-19
0.08987538065625533
0.17421961371006087
5.632903740708886e-22
7.540700693135298e-09
6.413789384286487e-16
5.957231997619309e-20
4.694656988084688e-20
0.1718233538178893
3.1116081389794505e-08
7.035917055867467e-16
1.8774218148403837e-24
0.20439735139411513
3.368445525866734e-16
3.91307931209643e-06
4.819845305149818e-21
0.16238556415214253
2.8292134373680087e-05
6.672534106179877e-20
8.413437637297376e-09
7.366732429769314e-07
3.2657780866605144e-11
1.3619703210187144e-21
0.13730743817249905
2.4693818586262194e-27
0.20617842584209792
1.5592432370361894e-09
2.0052043656544982e-26
0.053604082672990654
0.18689320642771656
6.367311690957584e-20
0.009319691752539293
1.1589919940390754e-14
7.964647248678399e-24
2.446576298826034e-16
6.785675849935492e-22
9.133945271847167e-05
1.7278956494553602e-14
0.023869189601099423
0.02875340689729451
0.01179111769822657
0.023527019843983817
1.614976489396754e-07
0.005458477127666238
0.002283720601883635
0.012196083372462512
0.007351856486109463
0.029967002955462698
0.030648027102595215
3.403179304934073e-08
0.9308828656370794
1.795608157044098e-15
0.04332019293707349
0.03342072170785916
3.6985544245634137e-19
5.307079342429212e-17
1.5015939956124481e-09
9.111119287136001e-05
4.6218826280834495e-06
6.3742577487001585e-24
0.006821540952656858
0.12550165536044183
0.13126632536943236
2.3767314385379116e-06
4.60869378839332e-18
5.4201840199062415e-05
0.01659143245360119
6.055059809133792e-05
0.03330624785198767
2.1527396283776465e-09
4.581631098239789e-18
3.911437258475507e-07
0.030915028265172027
0.00010295262323927659
0.0021115104994528875
0.09818992107747147
0.18787192168156136
0.001492055552030516
1.203624075078581e-05
4.790231741442561e-13
4.139036835707331e-09
0.13517979524912507
4.33949787188161e-08
3.299033948043464e-08
0.18000277641586873
0.8986964797772111
0.7378237956284722
0.05069157335131122
0.8033683138445019
2.184438152360596e-08
5.380015815177248e-06
8.80389071577023e-09
0.841857363223739
0.0017800275035255153
0.027473079746852584
1.2686308765873443e-19
3.821111304342732e-08
0.6003468886186538
0.18812397195569136
0.3726523581361986
2.624589116770923e-05
0.5674970843777456
0.02131399938827779
0.49245665487988444
0.00454093052374085
0.4734556652253703
0.36383049951534185
2.858248466872644e-05
0.028307571886380493
0.02353965159341582
0.11587572010278196
0.0316030160052006
0.16528972497574307
0.14764600964196362
0.11112111200501781
0.16714483746116368
0.1460042945666789
0.03206430440837935
8.970918807012164e-10
0.20279885767621358
9.741633699697332e-17
0.25759944555377023
0.260181447715973
0.017847814729163997
0.1336072326838493
0.09889840168309925
0.003794442239031269
1.654206318264392e-16
0.01616229163817438
0.17541941076420667
0.06168611057841581
0.08116707716794652
0.02762216372182247
0.11337536869733195
0.005074719643155946
3.229755904692999e-20
2.735167489613169e-13
0.04196036389751267
1.3059752228239513e-06
0.004143486646552678
4.692206504154984e-07
1.5813659394205887e-06
3.038803251482733e-13
0.006435332048312089
7.469248734803639e-06
0.08878187347837001
0.01445712202517193
0.0017049730866387997
0.01310041361963291
1.2136960071528543e-07
0.06454092247494583
0.043441622656454466
2.4926088177619754e-06
3.1861901204627956e-13
0.0006149853266580747
0.06460535557554085
0.043430943465095344
0.002680451885845974
2.8787952536808916e-06
0.0021897711216828735
0.004779675806053304
2.425581172728833e-14
0.021290665256964807
1.160162789657482e-05
3.5186867389538136e-06
9.025799571683713e-06
0.007130764255939796
0.5501209489743105
0.002741107316138894
0.42016107118198287
0.007679468622980274
0.03575010968445494
0.012788547226389679
3.20793588852538e-05
0.7227136050742188
2.0181953130465265e-05
3.381685501059075e-06
0.6176594865615512
2.744293985048503e-12
6.829631107603709e-05
0.0037744756440255345
1.3179848843783942e-05
0.00606190104430121
0.8884788730545581
9.600552962364292e-05
0.0056953610614320785
5.536164899267752e-06
3.0391114714932604e-15
6.002762179663236e-16
0.004439058090655609
1.0439048688222517e-20
1.5672022309126666e-21
0.006181276211188415
0.0021890009064930364
1.0483700437137649e-05
0.003787278549963832
0.002995028700035858
0.014602935657929672
0.10198521814017529
2.0158015338585764e-13
0.0009339562959820204
9.662405826814841e-18
0.0038908304192514795
0.0017353559712421224
0.004794903467628102
1.2772948299317585e-09
0.007150664069338159
3.9257948984923836e-13
0.0015384683121284933
4.997806644167854e-07
2.756660180911327e-13
2.4255651504220006e-07
0.013240284644115191
0.00029449386818367204
0.0005867966153401323
0.006876376186498454
0.006911558208120917
2.1261581760238003e-06
0.005269340160676383
6.635319842698365e-08
3.274482837195548e-14
0.004605002447556162
1.3942116251175306e-09
0.004426146487692765
1.1344350314242369e-13
0.003363914978921351
0.00034751193856264156
2.19225029972916e-14
1.7321857100482637e-14
1.4742731937999009e-05
1.287336837803151e-22
7.839134283026493e-06
0.007555043153385735
1.3426410116009725e-09
0.0068387887286276965
7.9471127773988e-08
8.075016427188255e-13
0.00017858973393699518
7.096469615786896e-09
1.910299483314099e-09
0.002993263018364252
0.0007823482725889944
0.07694543053201558
4.720534316670851e-08
0.004215082896971341
2.5312504620278223e-17
0.007684016716657698
0.00028572339875558914
0.0049795886415315545
8.61054220094893e-09
6.038811095960849e-20
3.9626802644455483e-10
2.9344906104068237e-05
1.9479800515750087e-05
7.860326956371663e-06
0.01670574884347822
0.08790179999350706
0.06370526965814256
0.00014599197652435012
4.937345602106422e-06
0.0014878938097066777
0.22366386820623196
0.024567849997920114
0.1842585825623429
2.7450586016849212e-11
0.0001221055776076857
4.248086962643364e-06
2.8689217376546503e-06
0.0031223057671960273
8.172566339104424e-07
0.1656632287986737
3.345313975729882e-14
4.5490839947317096e-05
2.5358864950591856e-05
5.148980591561756e-10
0.0026597428081102494
4.383281910651257e-07
0.008678315479893832
6.939403836511242e-06
0.04858792762329495
0.027092140983066563
0.01716963371822455
0.0023792931537237965
4.0417717530281465e-11
1.9916480447703594e-06
1.054173535394521e-07
8.322485092971485e-22
0.0005455549466142194
1.502091434063913e-05
0.002868145465794307
2.855035045491702e-14
0.0028635433733384774
8.095379940541532e-06
1.4729842115111206e-14
0.00011758371481512293
2.7044753271039166e-06
4.6348602200809525e-07
1.5134170208416027e-06
3.22027736268908e-11
0.0010461704884368634
3.652660735340961e-07
2.5068283513013707e-21
1.8491034492295165e-05
9.911081425373562e-06
1.287107990142627e-13
4.1340938743939246e-05
6.49051540317537e-07
5.090109581374912e-06
2.5567814538214858e-06
0.004142447085394487
8.179988384881468e-10
0.0036671474367975794
0.005039421080926623
2.523257541889226e-09
9.02517689037485e-08
1.524302141279356e-07
1.417282781667843e-17
2.816112645127998e-22
3.385963080516522e-05
0.0001476331302974478
0.453219516686277
8.394714033818636e-05
6.843946177567636e-07
1.532052041280498e-09
0.002344059822725588
0.001513884501292803
0.19915694125181446
1.0179205156671395e-10
4.732935121041486e-19
0.00019947391887442507
0.022889604506013492
4.061870758450386e-07
0.2034180311830057
0.0010887966425775113
0.37636465912219674
1.8998681775623912e-05
0.00030332002520754313
0.001210331329024178
0.0003827264816776129
1.188450487506713e-10
3.5401193830596756e-10
2.859531071746075e-05
2.3353850606093e-10
5.2934069701204464e-11
6.819590074881481e-21
5.963978168995788e-07
0.3680576946544922
2.4685196167810565e-12
2.597603078208168e-05
1.6466977612508677e-07
1.18652912623391e-25
0.0001408103052480322
3.4544654138833167e-12
2.4082772561397744e-06
5.098999198645914e-06
9.480858452368878e-07
7.600180964074368e-05
3.725546249758573e-11
5.978574834255746e-08
8.593695302541942e-05
0.0001218436526454486
3.74144200149424e-17
0.361482738283806
3.013376810959373e-29
3.1873906927140084e-06
1.851931854629856e-11
0.1872081981722663
3.1162806918926585e-06
2.5169578132947327e-06
2.0679764262641134e-10
6.542110213677656e-08
4.001081842194433e-07
8.663962158717201e-28
6.51719308686312e-10
4.864962474643543e-13
9.404665283750278e-26
8.379832016462247e-08
0.0005486703091516284
2.862655174740407e-11
1.9587581867069412e-10
4.740908535058027e-06
0.0005963450168812151
0.0007414839432330758
1.807027798566036e-07
0.0003078132857315295
7.778853967060277e-05
1.195712089366571e-08
0.012550843932186423
5.607645217061091e-05
4.346542352365243e-10
2.9588190695412254e-16
1.6329928997057228e-07
3.8487323460018866e-07
0.001651350276763091
9.294338225977576e-06
0.003986413043346892
9.384178743192614e-08
1.0002794175305512e-17
2.0675293756086423e-06
0.3071240959257597
6.766816211078479e-17
0.33915726928592255
0.3238352907281943
9.195228923372321e-05
6.1398908301219e-05
4.825972328630484e-16
0.009570870890643419
4.592696337993476e-17
7.654482765800837e-07
0.6308901210769879
8.463844984175674e-15
5.81952612100153e-24
2.5529021853952383e-05
1.6764890555364062e-21
6.179270475210798e-06
1.0729769112064325e-14
0.0005789223623098675
0.6470988826384356
0.00013647186358748943
1.0950901913363384e-06
2.859395515468934e-07
3.977555351308292e-12
5.4928594251403646e-05
3.2926786786272035e-05
0.3689004244474763
2.6481018360722336e-12
1.0129395120126035e-10
0.3840173294153043
0.1797778664176533
1.814703984799514e-12
3.893559530428244e-19
5.178272076217348e-26
5.1604368321351414e-05
1.815432701307944e-11
1.5590918309801295e-14
9.022055147117398e-18
6.184806064346614e-11
5.45603058313695e-27
3.197286980150356e-10
0.5209281428145739
5.896564239340673e-11
1.8678022566999994e-08
0.007839205446945451
1.5933549434446552e-07
4.4898719785136366e-07
0.012357698402728332
0.01584959560379364
0.025227010770683542
6.02755866704617e-12
3.411532506392031e-20
9.790971050370753e-07
0.00016031454694226621
0.01753728000839247
0.00012556916694506226
0.0001219821526663429
0.057377724482011914
0.00018809652433159532
5.902564295311751e-05
3.887765063404874e-20
0.051547368572987126
4.0976978888623243e-11
1.8343252759709057e-14
1.259823981876425e-06
9.412204238392097e-08
6.0132958539631e-17
0.19756560120743727
3.1590203873953964e-06
8.292161157062e-05
3.621662633893323e-17
1.5497502959672806e-07
3.8264261129772264e-18
4.372345351500849e-08
5.565741335498129e-07
6.814799890702879e-15
0.6548058425237429
0.0004103378553556766
7.151759353958702e-07
0.00013212330056921513
1.2728134617751266e-06
3.820936569854888e-07
1.517016347865582e-10
0.00011105603827988367
9.385488948440546e-11
0.000567581283107201
5.433702450158016e-19
4.753164195552156e-18
1.2302018639092062e-10
3.731721591079641e-05
0.04702236331296993
0.0002653917007484277
9.366423489866479e-13
1.4676669732800937e-15
0.16057471835449522
9.864982264649299e-09
1.262428728628974e-12
0.00033687129909633964
1.9363674127075455e-07
0.00020091836275723694
4.7345841339022116e-08
0.2903435021783002
1.2732715523110516e-06
1.6594255598891795e-16
2.5044390583148658e-08
5.269009378748137e-11
7.474798183863308e-16
0.023033131488185084
0.09599845506249728
2.012535092238069e-09
0.00010713016077731468
2.38530556722859e-15
9.487067866233173e-25
2.221396250341307e-09
0.06848538020733173
0.002069610589718636
9.532627064637962e-16
1.776531393012583e-15
0.0002684500506484455
1.3632065676824557e-16
9.335469307397058e-18
4.248186878727074e-08
0.008015729523241668
2.0409880600642707e-19
0.16458152024363423
1.8697550677356375e-11
2.242070121107828e-12
0.3537616367593708
0.027764793811898593
6.117398876629292e-07
0.00011011223430381893
6.464922144129744e-05
1.814217978421369e-17
9.953884360304776e-05
3.0399527868424568e-05
1.3514183712832356e-10
6.078022469872809e-14
1.2220476601319023e-06
0.2797227286757699
0.020564779977923563
4.823786483879793e-19
7.338334530862676e-06
0.07904165266923352
4.3009492513722847e-10
8.54650014777116e-05
1.0206577983036226e-25
5.01099712034997e-14
0.00017825176725197456
4.1360868730199026e-10
4.083876415823109e-06
5.72468355678867e-10
0.0010848052156291973
2.5646195001288947e-16
0.0005550907051819824
8.768831696390563e-05
8.91265489500651e-08
0.19238554757139759
7.411136178031226e-06
4.6311725280031677e-07
2.46264430205439e-10
1.9789069811896025e-19
3.597777791688011e-10
5.045247588136265e-10
1.5894985458575752e-05
6.052899902264813e-22
2.7218373288479544e-15
1.8108386547973287e-05
0.02731389402824471
0.0020881947770084487
0.0031504754768597576
5.371725106435339e-13
7.330772988763734e-07
5.768219225325437e-18
2.785572524274686e-07
0.0013752466444692994
3.5429624143950483e-17
1.1080376151791357e-15
0.0519851174143091
1.72004647067524e-07
2.747308543949415e-05
6.213690204474694e-15
0.00018187617196486786
1.2037717639094192e-10
1.7504468089512298e-18
1.6354291310595244e-16
5.666581778501545e-17
0.03110977703916819
4.602304766158742e-05
1.565771269239474e-06
2.5492202183692828e-08
2.8162049615198634e-15
6.222905791186167e-12
3.743856364067148e-12
4.248886299021556e-15
0.92643791846774
2.4464579944989334e-20
1.1941466956528034e-06
2.6850617848049427e-08
0.026342208963299734
7.875912008475965e-09
0.00011399477096194775
4.6440333614500694e-24
0.02431967950859291
0.7847822209103301
8.591873491962827e-12
6.972840762020447e-19
2.8515331624088626e-11
1.819208806999555e-11
0.0019030846617891358
0.3055074078171749
0.00149969631400614
0.9429887368960955
0.07371232466660729
0.8682796344820735
1.0291588426876097e-11
0.23458783409626685
8.821528163792522e-08
0.3636602898630344
0.18029954368996223
0.00014131360070633424
7.662472989504386e-05
0.15083855123510184
0.0002569882669643204
0.24479000134089368
4.3923338067680146e-05
0.17099032043728346
2.5930970590485377e-19
1.1162074641040334e-10
0.0014836893587714113
0.0011790668984472351
9.840414734836076e-08
0.08333833708568984
4.6627948025468484e-14
4.356552861879929e-17
0.24639676226315885
1.400828189513652e-21
4.3385136263798404e-26
0.14139417928213294
9.945254118190793e-09
1.1891466548506599e-11
2.934317479698357e-09
3.4608613146607267e-07
0.9001985322294864
0.980917631490995
1.4444456099384008e-08
1.06271432931039e-06
0.0011678035027201663
1.3365158275634037e-08
2.3141519126859934e-08
0.010422032328607339
7.660107258934044e-09
1.151699751687141e-10
1.5215321586940528e-06
8.597385279736118e-11
0.25770609034031156
8.19711667525303e-09
5.5423365591788276e-05
4.8720405762319444e-08
0.1615326205468251
0.16715504575759124
1.4490176138903664e-09
2.211022654915526e-05
4.188009636715252e-11
5.19066878580855e-10
0.9363456348516283
0.00020486912968894211
3.090494452984922e-15
4.237853887361071e-09
0.013872523488376655
5.747614840056445e-11
0.0018605839380943917
1.7857279623183418e-07
6.489275529261997e-09
5.374446450730197e-08
3.536178611050072e-09
0.9711629173465794
3.050822170022149e-11
0.0008012208985506259
8.696913675496118e-09
1.5748248620284528e-11
0.7894203469248213
0.00012814944043562353
1.3065473274455143e-08
6.4742189644067e-05
5.0068785532084725e-06
9.728807588773712e-25
0.0010367007415658467
6.134595829221316e-08
0.00199230968879706
6.975146412104692e-07
7.742017346280932e-14
2.615938162515147e-22
1.4930486191803283e-10
0.0008463028651891246
1.4602001599271905e-11
1.1341126674353543e-08
3.921962771518459e-08
4.740788694709176e-15
0.2624848889266452
4.056739519008511e-08
1.748401033115138e-08
2.630523183993163e-07
2.419259294331873e-07
2.403994511563293e-18
7.47120614961012e-20
1.945642600974057e-08
1.810425763071523e-06
7.20850018046878e-07
0.0012230418000912042
0.00014489047561971424
4.699060863976118e-07
1.1173738299955915e-08
0.06286444526887472
2.1558420719442493e-08
2.8669828689622796e-07
2.3969717906774045e-07
4.645564931318177e-16
3.5246716422999886e-13
0.7276850253289741
0.021263348201258154
0.03874429667931887
5.656732102384579e-07
4.79900024785371e-05
1.2136776439579962e-06
0.4854130905970066
2.2240299234200284e-08
3.545093613109824e-07
6.818437165298464e-07
1.0363335123510542e-06
0.2065454356527221
5.4023317846209266e-09
0.047335613229223646
1.7482210187112367e-06
0.26961630794672625
1.2854166945274738e-11
7.698768811373841e-05
0.0003552290617586483
0.20144160339426997
3.4210733645919624e-08
1.2238758368128908e-05
0.17706867779795202
0.0005399843058553513
7.698296280383711e-25
0.030478730798253292
0.3040795591657075
5.398672169139673e-12
6.297055975389625e-19
0.00019553507125905995
4.73481216582792e-05
6.3745578348864545e-09
8.922162748506861e-08
6.408135356057344e-05
6.403453512324696e-05
0.10608053903197337
9.733497332948623e-07
9.965538229965861e-06
9.820405391708181e-09
0.0008085500517517936
6.604798312291838e-17
8.599306448138681e-05
2.9939482838143127e-05
1.702127918792188e-20
2.2788699644645942e-08
0.07070475605779389
0.0034217825669129553
0.00021467092861441358
2.003413869786682e-18
0.0020768449891082823
1.442386228281812e-12
0.0001449568905327034
4.170845526437585e-05
4.294962775775305e-07
3.2529838732666043e-10
0.060641954586000156
5.6113840852899756e-05
1.1246217662220639e-07
0.46956830786606835
0.09194470757822264
0.06220262336214414
0.00012022064259294001
1.2829431061872061e-08
2.5742494454697552e-05
0.0014295478114741867
3.316277397857082e-08
1.3969616627572605e-08
1.5636362147493485e-09
2.0958575425068378e-05
0.0009102105179148253
6.554055868957185e-05
1.7057985489731655e-15
4.4449585526791683e-10
4.302665777321443e-06
9.494506419270442e-08
9.20431195198955e-06
1.5425621244724176e-19
1.0878033147734229e-07
2.7672025830957585e-08
0.00043809576144840926
0.005619795402243781
3.79969748062145e-05
6.857080476675016e-05
0.07717262424568305
0.000754988868353875
6.034166008472366e-09
0.0008830267165040648
0.0020684051372620387
0.1522468441829592
0.0009081133384063017
7.719324719745103e-05
0.0861637637018783
0.01304133336855317
0.000699985380888732
6.252201959370227e-05
0.0027717324001706716
0.0009140961435966095
0.0035701495102089145
1.1708544327979206e-05
0.6441916091257168
6.163143400497491e-07
3.9469464045498926e-06
2.061148241473085e-10
2.0419626523691244e-06
5.7283295669427495e-18
3.336053215903556e-16
4.037801793252964e-07
0.05378862780933322
0.00055461148186295
0.0007806818793179298
0.0015237331365463877
2.215235340436173e-09
0.17300190317047717
0.06738550030364576
0.12612763989302375
0.00026141445982060305
1.8207340733168996e-08
2.893983307216542e-09
0.03604814311290733
0.504976318465528
0.0046981764786497016
1.0252677265691268e-07
3.1359000154445046e-08
9.64631833010056e-09
4.762107437109137e-19
0.00894291924628226
8.34923395719835e-18
0.06842219056483174
1.7074055680757655e-07
0.0007736057970139926
4.90678109308848e-17
1.7952324258270255e-09
2.5713847930811223e-06
0.0032803489924794382
3.068470698202438e-07
3.035737957029929e-16
0.001035568513642095
0.0015526774130441956
1.951485360719312e-17
0.015792817796598354
0.0017732383337119397
0.08907921228618115
0.0014518505202319163
0.0007644725317137789
0.025852120674609822
0.10376803911726123
0.08748657608305854
1.372705478525322e-17
0.0015155765009845935
3.5439996577376214e-07
0.07601842818109251
0.18318622540347074
0.12929024467533023
1.3164777943749155e-09
0.00020254747639992946
0.003727705384037629
0.056682577964283665
2.299452540166636e-07
0.007267111729042034
3.986510053330606e-05
3.6942641358172743e-11
0.0022967312679454386
0.7567170851620657
0.0002203449804419425
8.649040578350586e-05
4.057770512110175e-18
1.5361584984668482e-06
0.9021297603144437
0.00016042642054211838
7.45782609765016e-10
0.29336272747314995
2.0823540400398417e-11
1.185682496686259e-11
0.07645548297247058
0.16469819950639059
0.00024766201295647373
0.031423940450919015
2.875593344241844e-10
3.5897998440179694e-14
0.0008133413088611863
0.0015615741590922936
9.098294017118933e-06
2.125338935929273e-08
0.00354220348371799
1.3975842358324155e-06
0.8927378252867874
6.645161180476134e-06
0.09426007908134625
1.8747977428491735e-15
8.73660394235757e-12
0.9588333929257588
6.207459787322351e-17
0.03166115143689721
0.09569222339204768
4.225071612528447e-13
7.898684639465027e-05
0.000647045761990004
1.022989620092217e-10
0.013150171248122722
2.2288785194000737e-12
1.2452165140941416e-07
2.7508287933443693e-09
1.6890855758981282e-11
0.053616941369330845
0.0014884979831681694
7.621790422055243e-08
0.010401523762774749
0.08304292750452273
1.2053121124442118e-08
0.07230993812916539
0.03298568973097837
1.7349026799075948e-05
4.696831019391229e-10
0.0003215345125376304
4.5257825665555575e-06
0.05402772509766213
0.0005848438592762251
0.42687415734082085
0.00036391658493834466
9.160272355933953e-08
6.06271169517345e-18
0.022073690978175336
4.288860247515876e-12
0.05728468505517375
0.2180761196854374
0.03439438387275254
0.43177896108016384
0.0037643486592649285
5.296071073353763e-07
2.3648234411684634e-08
0.5944088403140777
0.30288472338886413
0.7055794182474819
0.050387151662034495
8.103048474313719e-12
0.0403137393575071
0.2765471747985855
1.979128725334617e-05
4.640848735643116e-06
0.0006883064837757092
0.0037084378925509322
0.012480103030975135
0.07845806835712331
0.17054701287894536
5.6932075661888926e-08
0.8417834868930381
0.001752178448302935
0.0010071850347962872
0.00026246716401009826
0.13255379899974365
0.10197113012990701
0.0017906165443077246
0.3869943637907387
0.8900706949217668
6.722348812007963e-06
7.494500498834233e-16
0.9271102233559178
5.4169586897730554e-17
6.460852095019347e-09
1.3832773191029122e-11
3.616109637374517e-05
0.12257080077923292
6.573893157806888e-05
2.87066703579754e-17
2.0708773719422267e-11
0.003009204443749097
6.547912680346449e-05
2.6039322984321098e-05
2.7056507454831333e-10
1.8705758343344652e-11
0.23381557522796675
0.00137211469989332
0.0849242056848132
0.00021918080382132504
5.75357206899518e-20
2.5611532602202226e-05
3.094416210617075e-07
7.545253004074132e-11
1.4778378631931921e-09
2.0362979518183003e-10
0.09032577730360122
0.2999476682206027
0.090149269477569
0.4542282333427499
5.00498346250498e-08
0.27141108969331207
0.018721407558856054
0.18952946972643114
0.00043405031821842026
5.562280454014016e-17
9.392679084725199e-05
0.0004111500784118017
0.03451410493464264
0.24013617090319261
5.186308492513191e-11
0.5065858669815858
4.660495946783065e-12
0.0004395162119472314
0.01653207561014369
0.5055348686343941
3.5297440233068845e-19
1.5207899721937398e-08
0.0004916433436620246
4.8243852302699005e-09
0.0002532953342659935
0.0010599649913192778
5.1994698968087704e-05
3.360060841891092e-14
1.6237170403581873e-07
0.02105729743810907
0.9602027106686308
0.1984303780455048
0.406762736273903
0.04649867115017113
0.8691172053538178
4.9588802437504234e-05
0.00019788308795498467
6.431742943812867e-11
4.340019382914749e-17
0.2854243437255797
5.538172954443869e-09
0.16336237866800016
0.2551701805742247
1.1580473722279743e-10
0.032898707246233665
0.07130989836165398
0.00013790975930825825
0.001934074528413765
0.33367692022167494
0.0006287753736463872
1.5873926693077498e-05
6.758218332894294e-11
0.3132356082969023
8.538692899189757e-15
0.7283230108806458
0.8563527524410157
6.482661147462858e-11
3.80819147684652e-05
0.7140026517088284
0.0676391456533988
7.432363392510774e-08
4.62878037396549e-06
0.945008613545689
9.122372414089557e-05
0.001565337195908177
0.16546388440956938
2.2246899504612783e-08
8.884584605555756e-12
0.3924483836464556
1.8842543384774942e-08
0.40526463868248963
0.8334932448153447
0.2693386774869102
0.5646468994170497
8.684468502425384e-11
1.1161895011844005e-10
0.8360286072632148
1.4582871159453279e-18
2.8090226253887144e-05
0.03710382482212608
6.986118234878196e-11
2.3955054823937542e-06
1.2392480044029365e-06
0.12607306439722304
0.1629736463950372
2.0579490218461646e-09
1.4070602907119169e-09
1.515821238754096e-11
0.01625380249071703
3.767641797265348e-11
0.04339788237803173
0.005924475064580933
5.937118513868311e-07
0.12747877036097066
4.50067669514611e-08
0.4365172565606474
8.561532606415877e-05
3.6968595552787764e-06
0.02714140305925601
0.001269599855675155
0.36129220385985894
3.0821396425653076e-11
0.2590555988391944
0.26647614148190657
0.00011471981161254812
0.014503014018329175
2.416513961866142e-16
2.9237088307115775e-05
0.16283772845984376
6.746240004914364e-07
0.0032030022209917027
2.1106111830583364e-16
0.3564114200615135
0.23935217524171848
0.37236547219151206
0.32528547340253133
0.003187509994392202
0.03606083789501684
1.5443684432605867e-06
0.06679805957546434
1.0818300052681615e-05
0.00022874084731030445
0.009749422636604221
0.5376912384332917
0.05210321701654608
0.05150366270045436
0.015577974154193116
7.086937420781022e-06
0.000468848564216895
0.007919378292329866
4.2432172342961514e-06
1.848465273115236e-12
2.8091001241241674e-05
0.4596873249122652
1.6589721439535455e-15
2.9080711633305194e-07
0.007945527300095576
2.48785895004855e-05
0.0010082757854376822
0.36398604354049297
0.10782327442827218
0.00012528562884337734
8.901045807899492e-09
1.0211981556113893e-14
4.035056656735259e-07
0.00035732778676437403
0.037471298708068694
0.967829244648675
1.3054940247377174e-17
0.04366551744351869
0.9018367039822589
0.14544656766340233
0.26943900019824824
0.03217992194481097
0.0004478434918002453
0.20605985265463622
0.016742473096172616
0.0037314363802959534
0.9297938241151203
2.8602889443799896e-17
0.003013781229641366
0.09514979502516244
0.02085978716152044
0.056372922249569926
6.667634063260422e-08
2.0288992175095286e-05
1.5492944097080326e-05
4.882082328555122e-10
0.2424879435563323
0.6313700043087243
4.650326031494421e-05
3.9177627785514895e-08
1.2037008420382442e-11
4.2272231354145693e-08
1.2492875950246354e-07
3.317546352547622e-08
3.375677176884943e-08
0.21784824955075321
0.005740037784798237
0.076221326647788
0.11950651083275968
0.00019556598907060295
6.530803454448512e-05
2.340111075967612e-07
4.196745364755349e-12
1.1112231402491604e-10
3.1738191480858813e-12
0.01624895112217349
0.009477229078693718
1.1739906209733469e-07
0.259804219049155
1.184474012204925e-12
1.0095323075247051e-09
0.07046984365349572
0.0009588239336249504
1.1819601993226914e-06
0.31577363060843283
3.7505051127066507e-17
0.00020626595505831817
2.761542892361206e-07
3.6836504882043333e-09
0.10525575025722611
3.5152173416397677e-16
0.39233098392837334
8.615775096672062e-09
3.811462927561256e-11
4.221077935864093e-14
0.005761617836784987
1.6046629008517064e-05
3.800194571024732e-07
0.06830209440019078
1.1216962214910915e-11
6.655587032699801e-05
0.005634056298899746
0.9708947075940242
0.3921186904462172
9.798204403228607e-12
0.0025045810168697136
0.0008259035081911358
0.0003571510631108409
4.4389301805984353e-11
1.7390618912201444e-06
2.5669185721959348e-17
2.4518428237992635e-12
0.0014807063197612208
4.0388626076929274e-14
8.827369311031323e-08
1.0768338770846276e-14
5.6089196259692706e-18
8.78416597554625e-15
0.2096928422941056
0.8601463742197702
4.817233349667171e-06
4.6514902169385865e-09
0.5095798906884188
3.0503782730640637e-17
0.8223761416136446
3.528531933829639e-11
0.008438964070271917
0.011008648122495114
2.9463173888694607e-10
2.654735281047157e-07
0.010586888341515064
0.19617787799511932
0.0016660382865232243
4.59358870509226e-07
1.7488410564799594e-17
4.4290788616695764e-14
6.138843985485968e-08
0.31524901104837305
9.52269583689488e-13
4.8058902502904254e-11
1.1665499748204868e-08
5.630368938749067e-15
0.0012748546390277356
0.8238058608815819
0.0013205933972382708
3.409506883746781e-05
1.4889239586340883e-16
8.764831639254646e-07
1.5131239527875868e-07
1.0648061712622578e-05
6.6083958755179e-09
0.2496167557942457
2.940100222996673e-18
9.126796921335831e-11
4.025244204593463e-06
4.4368789481779186e-17
8.761411465230634e-08
0.004164199228284552
4.775575178551421e-15
2.668503384808386e-08
0.7846742412669725
1.6982136732796685e-07
0.0015222845903737966
2.738505693426853e-16
0.6726169971792044
9.970949997652308e-13
1.599871352248311e-05
0.00014794077979205818
2.5005256885444764e-17
1.2634411490159963e-07
0.2507145505540674
4.494913181042916e-12
0.1379578732290985
0.17032671465451002
0.4505944966677703
1.8615751145446072e-16
0.1262124419690285
0.41509402635787807
0.35596760613993916
0.5086429678246015
3.611240702306226e-12
0.05542545318961038
0.12083241557288517
0.23043900442626836
2.098760028343568e-12
3.315082521562787e-10
2.084586712546611e-13
1.469307960781321e-05
0.18298999357650983
0.42620727853349843
5.5128104429539314e-05
4.946027346377865e-09
0.24705724871582896
0.40613194570906036
4.629046457862425e-17
0.007308112671111722
3.195603072971055e-17
7.399312152902249e-14
5.418842065703138e-14
0.3742934143437431
4.637104931011996e-16
0.05232365857300517
0.3115215053757687
0.0001708686429860761
3.430562157381739e-16
1.74175436360987e-14
3.557201640062773e-09
2.065546682260719e-09
0.10587025907973904
1.353208067176701e-07
2.072840628402172e-07
0.0007279288578327051
3.30916427425321e-17
0.15267406330016967
0.45048283752676915
1.0642517837165471e-17
1.7976127955891466e-05
0.0053551470805917765
0.363683294806589
6.680131968627356e-14
0.35889312282137176
4.131101250128176e-12
1.0075726333823636e-06
1.7638151345077133e-17
0.03933348319714259
1.633383360573227e-12
1.1454470449300673e-15
2.790111228928876e-06
0.10516941723839199
1.3300379408114056e-10
2.556391891664111e-12
0.0006121940683817748
3.993273866426702e-14
9.168806203122123e-15
9.033419684496467e-07
3.950053818312155e-13
6.312158333715293e-13
3.022402079535782e-13
8.296307721749651e-21
2.1463824651532855e-16
0.2477482787547582
4.429968867353424e-12
1.55470693773519e-11
8.349698639213338e-06
2.1535100664351157e-08
1.7474565385167972e-12
0.053456797625760846
8.857370346239983e-13
6.129180738585737e-08
0.003717921145325196
0.00032048285389059503
3.207872007431635e-12
4.86734761083474e-09
0.0002983349938753356
0.2926085150642708
0.00039874794729099605
5.323987487847073e-12
0.0003212850592869405
2.5645901960245913e-09
9.812766446353758e-18
9.658004081660188e-12
1.9864201837638164e-05
0.2203373510236579
0.00022573408717152223
1.8098010050172049e-09
2.7683167074564686e-07
0.007533720394280189
0.00029495799162732175
5.454742223899295e-07
2.5093779890782077e-17
0.15334731218855305
1.1986032151532382e-12
1.7443797964150643e-21
5.988109474978373e-18
2.3190646060906813e-15
1.9532539758090634e-11
1.1467718324145574e-13
0.0005827644909162874
0.28481501000253057
1.648071465952867e-20
1.3414886227731216e-05
8.694389043322655e-18
3.550278484920981e-21
6.16814745964933e-13
2.718090723932722e-05
1.0094763122010153e-13
0.0028331961084366356
4.038685336219667e-06
0.0012198455939244892
1.8770431575049656e-17
2.6842175285392643e-21
2.37971422543446e-14
3.6984955694150575e-09
3.7298451432752626e-23
0.5680590231631737
0.02270909136764286
0.0010974893520290065
2.239945698251656e-11
4.601818333428123e-18
6.169458497412065e-10
0.033829721136224046
0.09876206023459581
6.994943439688778e-13
5.443153066115078e-12
0.05793192042550436
1.446679937759785e-16
0.0320000225555479
1.7144198686975103e-11
2.69496904638925e-20
1.3982590017335122e-20
1.1978679506958445e-20
1.7750819799896581e-12
4.970870141345251e-13
0.00024688615551757227
2.473882041126415e-12
0.0037459604282571272
0.0010027366486288563
5.245974990015557e-18
0.01619112852593244
0.12193969776768444
4.7378142161146624e-15
3.013650347010462e-05
6.814916851782674e-11
1.884911857225493e-09
8.103407819576382e-15
3.0972399175457863e-19
4.762948277863509e-07
0.41870823646090183
2.944160819479782e-06
0.00037445637581316114
2.1647388825389818e-14
2.2402420258071914e-14
0.1814238371491771
3.652006201332424e-22
9.59067628577657e-07
1.0030953803890879e-18
1.4401576697209973e-18
1.232506268461438e-19
1.148116831994951e-15
7.467797520225428e-22
2.1438394347577522e-11
5.5358766458205796e-15
1.6941785294132101e-19
0.11625941959799911
0.011894022250597646
2.965669339317856e-13
5.439867104284354e-19
9.463561614596619e-20
6.757105574665756e-20
0.000763369022435076
8.988519766023857e-23
4.153569688205923e-17
4.9705036410452586e-20
8.981770978408986e-21
7.555886046093798e-20
4.752060230123143e-20
1.8178473021391408e-21
3.640246057176969e-21
4.1305179040513863e-22
2.1638906968092677e-21
1.2710648129701414e-20
8.277575458117682e-22
1.804736051270519e-22
2.31427589061543e-23
0.006999578861673181
0.8987381266060729
9.568006361717088e-15
2.5213627368694513e-08
2.7575184075813224e-08
2.1985571458078627e-07
4.9734272433435245e-11
0.4545703562139745
1.368695264087191e-21
0.00020056984259140441
8.341902394537084e-09
0.11059275336144014
0.0005379657532426439
3.3570922483571077e-12
4.322697833270171e-05
4.09375882091617e-14
1.3767597063693435e-14
2.1430217130223838e-08
0.1592211815997929
7.230082649177809e-09
0.0003511521700204037
3.0564768517039054e-18
0.009253978076986013
9.042989985191248e-11
1.1503882657042232e-11
5.8777876927318574e-08
1.7796443186661818e-06
7.577032129562109e-12
1.4806215777727984e-09
0.5306781223790171
0.00021221877924492222
0.6144760141805519
0.15291775939616084
2.014330097891087e-06
2.201263410267796e-15
7.184141486617708e-09
2.734047004070938e-11
1.8550060176397152e-08
4.188894194814234e-09
0.02381565986135855
1.98648290207706e-14
0.0005775461493300554
8.568103610279787e-16
4.920430464555379e-06
3.0665116183696805e-06
4.537341230567194e-18
0.0003183179952996879
8.484966966925971e-06
3.19108790915669e-09
0.006826002725134143
6.078887037933187e-06
7.631621121367572e-18
1.7293272487629726e-07
1.6206599333929787e-15
0.12889344430055127
0.00011901308609288581
3.438252763176503e-08
5.95931614527039e-08
5.307574282286915e-18
0.010508231125970791
2.072870826614726e-06
0.15030193592955893
1.4592609469895207e-09
3.969140819868918e-09
0.00046256185578735163
4.381703619349867e-05
6.149092092328521e-09
0.7607054864948588
0.014953171814853873
0.19769745010135448
2.2692210826200565e-18
1.2405215250338697e-07
6.173223905844392e-05
4.719087485036962e-17
6.895492612046053e-17
1.0277709761161094e-17
0.5249006958214717
2.397977471099969e-09
4.7196921877040837e-07
0.019799687225716612
0.09617600304240873
1.7400723508168005e-13
0.4485475225867604
6.864806010838251e-11
7.298667494693297e-06
0.000726517280503411
0.2648791178105995
7.848932126380981e-19
2.9701489398838308e-05
1.4289206142940831e-12
1.3015288866974002e-11
4.133709803204465e-13
4.077516246562045e-09
0.00949828743650263
0.4061544456106805
0.34066651254837604
5.938172922289322e-15
1.5914457102245074e-14
2.226312385616103e-09
0.024149545314133738
0.1899816255413361
2.1860200699970084e-16
0.0014104180839215358
3.6063879885420625e-13
1.295397756873934e-17
2.023830507239393e-08
0.04069718749624073
2.828308938129467e-18
0.003071707777904309
2.3217157569539812e-18
8.333423083426377e-05
1.1481321345534385e-18
4.31654924292503e-12
4.743299675474145e-19
3.672658400420733e-16
0.04256867420232442
8.701116686711235e-17
1.0062961179219422e-05
0.0014597931992093673
0.027260120264689075
1.2808905143259091e-05
0.7061975085599708
1.2570994303842829e-15
4.625706907426968e-11
3.9694586660074655e-13
0.14646947528218157
0.06067300661436328
0.007091037939368313
1.305490003767492e-11
0.14447207531268474
1.3320238403491596e-11
0.09679041317704283
5.917662965805726e-09
1.659743185559213e-05
1.1421982114513027e-11
7.164208242510984e-19
0.04233869142396471
0.19938537573540777
0.8908656140890329
1.5182563727966464e-05
2.4848928473191086e-14
2.021693588516689e-20
7.384127121969779e-08
1.1934181197087937e-12
5.169909225006708e-08
6.171499338252325e-18
3.5822362250198354e-05
5.619404174870868e-08
1.1908163213730792e-15
1.6744334574421974e-05
2.1275014302867468e-18
0.028563959323515284
1.1632988138825684e-10
0.2544745102014515
0.8042677594054106
1.179767486260067e-12
0.004126161551097165
6.04695762972587e-13
0.5889869987619751
4.7831691738695925e-17
2.145236284444463e-12
6.589403255409176e-10
1.1453281255257255e-14
0.04849152770372519
1.7622988271882912e-07
2.2215296102489906e-16
4.180122173280858e-08
0.049832714354666054
2.5820543494960244e-09
2.9974323057492333e-06
0.01006380428190569
1.199899588054072e-17
6.709717494791292e-17
1.2373756118816421e-15
4.859692782026735e-15
4.938758210259018e-05
0.3008841086400861
0.017608561301505097
0.03186858170815325
2.9779855533526516e-12
9.617963358546029e-08
1.2707887374834406e-09
0.627493988433648
5.331683044429979e-07
0.12089790698756989
1.9803535112184164e-14
2.8830048481063365e-13
6.653393167222605e-16
2.7494011047788557e-05
0.027716299774154827
9.89585019003867e-10
0.3297112891873112
1.416586393929045e-05
2.2477572220338874e-05
1.6720716192286617e-08
1.3474027276073201e-14
1.9832975005014224e-10
0.0006122609790782945
9.212597593032264e-05
1.0169124498138375e-05
0.03704720452041403
0.0003968808300371407
0.7753812145615755
6.141360308394464e-15
0.495949601377711
9.555626340668592e-16
2.6579423041001305e-15
9.236230568599613e-15
5.669531463705772e-15
1.76942727071848e-15
1.284284419538815e-16
0.00036908405916189955
3.3879433893509235e-05
1.246246069960509e-15
0.0008394559896720192
1.061655919526821e-14
8.401357030954695e-06
3.371988422319971e-07
5.173926436900905e-06
7.334114554234998e-15
1.375174019853485e-11
0.32448262849466414
2.8071315259214113e-10
5.257293109337216e-19
8.584876230371728e-05
3.2663157238892147e-07
2.6495261944660175e-08
0.024752874053027802
0.3343427976284031
2.6940363918176498e-14
1.7512607005600422e-12
0.4673353688034334
1.1041665005085669e-14
1.811192970340537e-18
1.5209671396146679e-09
1.9143751191409328e-05
0.009547735764108183
4.982623438997463e-14
9.188442661823618e-14
1.820926224582536e-15
7.272146175166468e-14
5.3379329283456577e-14
0.0011874345592786553
1.1150899865995287e-07
0.0001053579967884965
1.5241303889045655e-05
1.4198034311832139e-06
2.4978969702348173e-17
0.0022933808967102324
1.9506936168631205e-05
0.6111645266170903
1.2729660235433e-05
0.2192164865017178
0.549198016696681
0.07689761506875281
3.2072575184595677e-07
0.810757880678212
1.0150251358115e-18
2.094523967328689e-16
4.3744624100359747e-13
0.6980823470380987
1.375491310673377e-11
0.0005682422580345148
9.015918030522876e-16
4.015747485708629e-13
0.8444223372343426
2.2340265561920189e-13
6.216866896460185e-10
5.1984305479329055e-12
3.732292836650214e-13
7.20179293028646e-14
0.31353785033856024
1.6158618717512365e-08
0.0007164113140031784
1.2231745553649366e-06
0.00025202723942803305
0.022698282707196912
0.3952892341912345
1.7337446079624336e-15
2.4058242666753234e-12
3.396176845685717e-08
1.2434063828502652e-09
0.0002465160144555965
1.660568440969376e-15
2.0540675243116908e-15
4.1532347332176245e-12
0.008261326558756341
5.557073980811651e-23
1.1042680958137534e-18
0.02050566807071959
0.006290583612392852
1.1094052000380495e-14
0.003955215832735485
2.52073216325874e-16
0.0005660978539063652
1.9218329907824362e-08
2.2274181449244754e-15
1.8272593957676287e-07
0.09616778912919668
1.966505648283714e-08
3.6658240021459596e-11
0.00017660667147057478
9.412462528917344e-14
1.3408888633408905e-17
9.884395542456444e-12
0.0004143799251020406
4.567284547908295e-16
0.0002810328436820252
0.3211913137169239
0.009272725806849524
1.1323050729475522e-09
4.898807466628404e-16
1.315196832148968e-14
9.450909294907008e-08
0.00672677654710792
7.440133583480497e-09
2.4934308732645492e-14
3.1994387895254933e-13
4.210486689045748e-15
5.08727363265081e-14
1.1771781253513633e-08
2.0465482017514814e-19
4.170989328396425e-06
0.012685681662134447
1.1897789002361604e-11
0.00010291974953109345
3.4432690053810274e-05
0.168090474888228
0.0038234804860393635
0.13075293515618183
1.1644747471406942e-09
0.10403036109614541
1.6834095089757181e-09
2.5047448328187e-12
2.4584864072473866e-10
1.6107037113396917e-12
8.996685832538714e-13
6.351551556696711e-08
0.00042282595228259836
2.469487323752421e-13
2.97511188718089e-12
0.0676302050287111
1.682689178382727e-12
2.0164789955145466e-11
1.8288541632829463e-06
6.881886617675182e-12
1.1587643733178092e-11
3.5071115222710197e-07
0.24595558638732248
0.14800762485494243
0.0010764250258173229
2.169309191122179e-06
0.2399357600658302
1.023201942206843e-08
2.142410816831996e-11
3.7189977138786795e-15
0.010112231397487941
6.485886848379051e-12
0.016056694495852925
5.5607163563061666e-05
3.289873590771857e-08
3.137642020885126e-17
3.0968652166886588e-15
1.4422265687083152e-15
7.291641941299436e-07
1.220036666181325e-13
1.347136510281716e-16
0.10140160357111046
2.7844154966549528e-05
3.603540567132537e-05
0.1947422687196538
7.399399634368522e-11
1.8718642072655798e-08
3.3322422942263736e-07
1.1453251433224886e-06
1.2920651773699973e-05
4.155493529428822e-12
1.2796177381371933e-10
1.9602607869712977e-14
7.666522353078839e-06
0.015656113642868577
1.2160323901516978e-08
3.031288275847113e-12
2.7337772584826632e-15
3.062779796349345e-15
0.016025315979577452
9.457861227682031e-10
0.018782594040588005
2.1373441217930195e-11
2.966344135306047e-12
1.0396159296896318e-07
0.2372113200022117
2.8367268133169507e-07
8.853039118257551e-14
0.1237331948714065
0.4559453591948161
6.137649978831117e-16
4.597166984130822e-10
7.444226255769926e-10
2.466460140784863e-16
2.445355363984043e-10
4.430675920054077e-10
7.45828252992929e-12
3.4387465173870073e-09
5.6015768454358184e-11
0.00016515728182494487
0.001029324879467488
5.732906324884609e-14
2.005520848354875e-11
2.82893176096135e-09
0.0001239087416206432
0.020546705094706443
0.00028838036135710106
0.684621246813087
8.588394672789182e-10
0.0006223048914447101
1.30050609503996e-21
0.6647071103015592
0.05334545968678352
0.020370457905920337
1.7632301527645472e-09
0.2676396671428766
2.8526500397765797e-13
3.446902792534934e-09
4.000231787846531e-09
1.365825670645832e-10
2.4272141713132966e-09
5.198041736179428e-07
1.0213028878662625e-05
0.011054664758675623
0.00016115292208909124
1.26530835797641e-05
0.2877501301709643
0.7645195163660373
0.46890517602737347
2.2430196034105395e-09
0.001243061050938776
1.2106257883647677e-08
0.690530824533282
1.873578996569738e-07
1.1126535317363664e-05
9.402734640941673e-10
7.027197433021855e-08
0.11834829816745271
0.5002480402189342
1.29250835193032e-10
5.6212714679998053e-08
2.4908526201810865e-07
2.0086667428279847e-07
7.40275703014365e-13
7.095683402498322e-12
4.292713566063036e-25
1.0155769563232093e-13
0.00016108975668190187
1.1162886841452436e-13
2.3006749517558766e-05
3.407255667184974e-05
1.1049855259669816e-07
0.4032388344582303
3.767112413608706e-10
2.5526966102462223e-12
0.0156762402790363
0.27946553738162694
1.9739081166992356e-09
6.156686679249283e-17
8.549908580237587e-05
7.099716757603373e-15
1.2119666838562146e-14
7.217614486524897e-10
2.905285370341231e-07
3.28750614928847e-12
2.5077829120824322e-05
0.011018523041516477
0.0023066176303195014
8.113511924447201e-09
5.236539740658011e-13
0.07098938588772472
1.9025581950332123e-07
4.311055990294268e-06
0.7714175410002159
0.06323643196665446
3.946112094231743e-08
1.9127618829673956e-11
1.0578372363730244e-06
1.3642994571978142e-06
0.19253442043910077
0.020475223548742975
1.0472684754362901e-07
9.4368036478954e-13
2.7785866759964835e-16
2.5991773711397715e-09
1.0674500727967358e-05
7.2135233298839266e-09
0.035454616940645584
0.6996514758744984
5.464223852779644e-07
6.245549799230972e-10
0.0749368817622811
1.0930485160120207e-08
1.9956759064224326e-15
3.7730623235237634e-06
3.138225440413378e-05
7.152047274537036e-14
8.690871152155496e-09
3.2723310424269025e-16
8.106404267052113e-07
0.7706113089783759
1.756837741746378e-05
4.011340620123602e-05
5.5288656650280195e-05
1.6287781067798546e-12
3.902875534665545e-08
2.701722933462329e-08
4.3871009953479473e-13
0.23021121797029065
2.090910727173978e-07
8.816924684871583e-11
2.053591356989726e-09
1.1026439659502992e-09
0.5543878661961462
0.26963586854983623
2.089205368090011e-11
1.6362438397618984e-09
7.289980114035184e-10
1.5984792354171145e-14
5.148245143991978e-07
0.6118939850086994
4.5439853619010227e-13
0.7771099734878213
1.403871110269137e-06
3.205346582722433e-06
8.649682285192325e-09
1.147716018544388e-08
0.018971503797296722
4.720033534869988e-06
0.0004332853134606738
0.06022444231953464
5.464138130670605e-06
7.80185780722549e-08
0.12863937062283876
1.6356662136248333e-14
5.450033669868548e-22
0.40367006436717157
2.828998155517665e-10
0.8274908211881564
2.0758696581258193e-06
2.8567193178371688e-08
0.704308567960869
1.1733668328449397e-05
3.9809407056429977e-05
0.04413306839481779
1.1318429394446836e-13
1.0081565497268974e-10
6.121962264093929e-06
0.561402545361253
5.065933773523514e-12
1.9800404518139262e-06
1.7379745935115015e-12
2.6870087672778297e-05
0.007203744850597803
0.33989877614611125
2.5382184926367027e-17
8.298988453897779e-06
2.8249124508939283e-10
0.5564957704425652
7.75515975205012e-06
5.670551894093345e-09
0.4557869106785728
9.806859852973146e-09
3.279690153061941e-10
1.0755316227368117e-09
0.5108888314948664
0.01625666347073687
4.300205138667045e-06
0.0004302601654746034
3.791011770596041e-09
2.3161167197142867e-06
1.2405239830966288e-08
0.2716841248297023
6.902161538446638e-11
4.6365078540572075e-09
0.0001442882844037156
6.481633575603999e-14
2.7895806291298115e-07
0.0661343743413313
5.3100904872014355e-09
1.186026318910646e-12
2.161042527754934e-09
0.011395854826692605
1.19428920049693e-06
0.37538972005128207
5.203620801025645e-06
1.22936774423548e-13
1.3476929824842124e-12
6.643364433483129e-05
3.772883224163452e-08
1.5766054166071763e-06
0.06292444334753863
3.8789787005952735e-13
0.002418428259318382
2.8319864219660834e-09
3.561271241776215e-08
0.00014858735858109263
5.86635130513552e-10
0.00022948213127268685
0.0016181510362460445
5.34070017065285e-14
1.3430949556120797e-08
0.009008749408720906
0.0832896294021114
5.862391008217827e-15
0.01578982327715821
0.2401647840097113
0.0044426919524428125
0.3118647730995302
1.065223984952464e-07
1.5156976264287413e-11
0.00018159173432946336
0.00010424147107711656
0.004329731173404813
0.43322505027479724
5.2677381161112947e-11
2.9398741868464023e-08
1.309352882901483e-07
1.8751471389800615e-10
1.0609333883938154e-09
4.947680705899896e-10
2.3411459474373065e-12
0.012875453878632889
4.171817938998937e-13
3.841130739489445e-12
0.007396865642263127
6.340050654081263e-16
0.002479837017600106
1.996722232122631e-05
1.2280887632355921e-09
0.0003653821771854457
6.060672673188108e-17
2.683844912892007e-10
0.0003523736643613294
8.79887675470205e-06
7.621611893110268e-09
4.5732705188028005e-08
0.01340888707598533
6.38286154648509e-13
1.2781898170570349e-11
3.4533534915945746e-10
3.489799943057017e-09
3.555657919243676e-14
0.0008084242647177524
6.039566026179175e-08
6.978757188877317e-12
1.645796773322597e-07
8.169059318874474e-14
1.1956655126898632e-16
8.41665907843615e-13
2.9842479706231757e-12
6.863417956304762e-09
1.453321908840342e-06
1.221316031610101e-09
0.7670272789438517
2.965185352084816e-15
2.423071027945683e-09
0.31215065960775595
0.00011773803643521023
2.861137626258235e-09
3.8399800765574026e-16
2.1011942938724837e-13
0.6420047616108341
8.092478612961699e-10
1.4234708338645368e-05
4.345249381501987e-06
0.009413721583769989
1.3816431991491674e-09
1.881678330616957e-14
2.0426908375992468e-05
2.3641317796019786e-13
1.0285946670420995e-07
0.00016949190134600035
2.0744168145986305e-11
5.969002331492371e-13
3.665814616818333e-10
4.268675299965391e-06
1.046346082707121e-05
2.2192994863129733e-06
9.557750421251033e-06
1.1644635546999204e-06
2.835808490461751e-15
3.779051462301889e-10
2.497174916293346e-14
2.0494015863374827e-12
1.1860609501459911e-07
1.2070834623949614e-07
9.74951092808183e-11
2.8601788031911563e-06
9.4259563070028e-06
0.01467660992534834
5.036744542258915e-14
4.171830669386991e-08
1.997120272168593e-10
2.2390757408945506e-08
0.014956239443746525
5.407167013947594e-10
3.743218378446207e-17
8.52527175358091e-07
8.23854664967849e-14
1.560994402700731e-05
1.5769105568823534e-12
0.006352211346351864
5.667337539616191e-08
0.05651694801539656
2.3849805639929365e-10
0.08261479422141295
2.8281815760369653e-06
7.406368498160863e-08
0.0005388738654297762
0.08371829949035449
1.0789392820914756e-14
0.00012270636382855107
1.3573249299973767e-05
0.000118400137460705
1.022829238205577e-06
7.962579129089554e-06
5.47856987004912e-13
0.23597608516755897
8.852388372310258e-12
8.505485309031141e-07
4.2410380835083704e-08
0.1143003660876777
0.15687557595326176
6.030235551123324e-11
2.231941067437071e-09
0.01243018154946958
1.9527908108424808e-16
3.8060980288274104e-08
2.0125607791119224e-15
2.0432254762454422e-05
5.006410900310495e-16
0.14500212268354615
1.1541741069767746e-15
3.875762524993473e-12
5.447450257350576e-09
6.445273411340934e-10
1.4218798528252785e-06
6.059930953395736e-05
1.1611807351872731e-08
1.2295055419427275e-13
1.0959701505506174e-16
1.8716382581625497e-13
7.388916687258993e-06
0.009312099427353357
0.00396114322690088
0.16966168863089046
7.147203075850074e-13
1.5696949452358484e-13
0.18410564324100337
0.21880575824362994
1.6141061886802523e-15
8.54061298198062e-05
2.073492328972867e-05
6.042259815088399e-08
1.768827330655459e-07
2.0628684966606854e-16
7.659577068584752e-08
1.1406899434424642e-14
0.0005399950900277178
1.9350679452098524e-06
5.342744136438611e-16
1.520706018356899e-13
0.002273991452854704
1.4646928584453063e-18
4.580367222820043e-16
5.5883390497536366e-06
1.8042660229881387e-05
7.435563551139088e-07
5.4298580190582365e-11
3.6200806304133683e-06
0.00030762809691492975
1.9744826584747614e-06
4.875244513485194e-18
3.9031476369594146e-13
2.9809118228514964e-06
1.0244821448140207e-05
2.1439509528337967e-07
8.820055213845608e-06
1.200025290582845e-16
1.6209046958351148e-13
9.54847825021069e-06
8.801251349959991e-16
7.920686300492166e-19
0.5288286022159111
3.9170628140292787e-13
3.04816971270188e-07
0.001566888809931604
0.002901931826714225
1.9111099586241655e-14
4.150539049603186e-07
2.7956726848386134e-08
4.6887494097836855e-11
0.6556351781898377
1.542860559150808e-08
0.49083575907267346
4.233220770026162e-06
4.6591815214455544e-07
2.0025403276031485e-13
4.659210666188822e-11
2.9785762737240293e-06
3.2601429562476396e-19
7.337228949542633e-14
2.4626028252574377e-16
9.292482968140799e-15
2.8122870822117157e-18
9.388035710852475e-17
5.128659639604159e-06
4.3204369328493654e-13
5.707478469884448e-07
4.288810348204802e-17
5.349538210600658e-17
1.500775380530207e-13
1.1156024447806979e-11
5.397218030467959e-06
8.585499569450845e-10
1.039890663683366e-06
4.9251940216861525e-17
1.0801446107658572e-09
5.625318679118235e-16
0.33960322763272466
1.53913454151709e-05
1.1597492157431398e-07
2.0443221402491144e-15
2.847062152047101e-15
1.5738674883337867e-15
0.00029446584597222537
1.053296680893048e-15
6.853803099928591e-10
8.001061580809422e-15
0.0007199440629424628
3.176448704596432e-08
4.279210322150039e-21
6.83164154725835e-14
9.846934525893529e-05
1.7754097976169163e-10
4.808069530361985e-06
0.0005850843533592809
2.9670755861429085e-10
0.001679219829053286
2.383060699382699e-07
4.789426351367603e-07
0.5115896469412935
2.22719786144858e-08
9.634479110716395e-13
4.981928604445879e-09
5.526000634550299e-13
0.0008953102385209291
0.00025652035522331055
0.0007302944638526586
6.778634795334176e-14
1.576990932997153e-05
3.056927672869822e-10
1.3349291997261153e-08
1.8214232933290873e-18
1.602334058441482e-07
2.48550617698221e-15
3.495045664568562e-13
1.7232270661101914e-10
2.2565998262876613e-14
1.1942358309378938e-06
1.4260920230869533e-07
7.050315950487426e-06
4.1041642523568386e-19
1.8002052585616363e-19
0.0004617409417675865
3.3009801496214095e-18
5.04452970632972e-08
0.20791708186722008
1.877872155541613e-07
0.0012059005682193678
0.0008478724026983009
1.4164632902924396e-15
1.1576447297464455e-13
5.9317549563460565e-08
0.00043754729235391467
6.016236190791637e-10
0.001246314657499491
1.020685472755465e-06
1.5953719421427903e-07
0.001593664498100932
0.00031348567391966135
6.563343495759158e-05
4.758528692408805e-14
8.532688236361195e-11
1.526114506206979e-07
4.3558759350819024e-14
7.117096695470906e-06
1.0754964742072168e-18
4.303419057723694e-07
2.403873193542549e-08
0.6003581659702591
1.8358218747749252e-06
0.6123904324628793
0.021752693306622016
7.45386785306863e-06
8.38092092011631e-09
1.101498668374923e-05
6.175752507130461e-14
7.60540615017653e-06
4.818445374542943e-09
7.451805966232035e-07
3.655354868034387e-14
4.180506136429162e-15
1.1993214117375021e-05
1.5119756638197395e-08
1.2058787327632197e-12
1.8304619275265426e-05
2.274255405984394e-16
0.0015273538875391025
1.7201919349830754e-23
1.8793331398188444e-10
4.3924381613296645e-10
1.8225470779635524e-14
0.00013714951642451173
5.0605498742182105e-06
0.00019479199422302141
1.8391372590889771e-16
1.2420692351518419e-20
2.0869833474415698e-21
0.0006017485938147406
5.0572526698804775e-15
3.4265149436100753e-06
8.72572464484766e-12
0.3605474951338794
0.0005814936870848931
7.952566143833675e-15
0.30756877787900844
7.424774312856121e-09
1.9152578536131612e-06
4.349235718634686e-19
3.986079636022759e-05
0.02085834253594015
8.49409021042915e-10
2.1314568342883017e-17
0.3914834831190626
1.988273949373709e-07
7.937636861697857e-19
0.6449156089324991
5.81390972920612e-08
1.8510153138402209e-10
2.553008410040237e-08
3.4508791051377305e-17
2.0454411235952016e-13
1.4978634689602536e-06
0.6641442092012729
3.065811333308938e-29
2.5338373967289776e-08
3.8032984180438714e-22
7.360484841870028e-07
0.0049758615740040915
2.102488573393762e-05
1.766455448568544e-08
8.318586282289879e-14
5.401232028832234e-05
4.5094383997268e-08
4.872617312194778e-10
2.354418181106726e-06
0.6178278494550341
8.938416397620322e-05
0.5646585122459303
4.328988338130508e-11
1.1335457684438588e-16
4.986272833586066e-09
0.4107170225905442
5.0984051016762676e-26
6.135110366248291e-05
0.00026772504323238313
4.6215607823976663e-10
9.59619414342168e-05
7.842176816574996e-11
0.2991099180677327
1.8191914244913777e-06
0.5912957285158683
3.784795420170866e-05
3.8187543461768166e-07
0.00021579728145689278
4.355617373173294e-05
0.20174249655229184
0.724221008207206
2.9200300199491713e-06
0.682607442296592
7.978182799539452e-24
5.397281310550244e-07
1.0588842021661084e-11
3.0447965456372465e-18
1.3775058981573205e-14
2.628861744367279e-10
1.6309295203595594e-13
0.27198948752716695
4.342799983993969e-05
0.20191835394465393
9.240359942635413e-14
1.4148624475591073e-05
0.6665428824674076
0.12022433949750307
3.031793858489857e-05
2.224768692988931e-06
1.403356513000246e-10
2.7502710905895677e-06
1.0468439172846294e-06
0.0005359266339758818
1.450993461024897e-06
1.140036571842509e-13
1.741615832044592e-17
1.0653937016844647e-17
5.7531549185070096e-05
0.43822195138309866
2.909661500520807e-06
2.1594375753499293e-06
7.581716621968831e-06
0.08492320769003696
1.2447494999859775e-06
7.788215433011148e-11
2.54389933076558e-15
2.3777915440891534e-11
4.476407337625186e-06
1.541862413483016e-13
1.8003270894516188e-13
2.847671397772931e-09
2.4789738547011794e-10
0.25804264398642685
6.015437519871121e-11
3.799357939067507e-10
2.6179262524301074e-07
1.0707838692006088e-06
3.717996206525186e-10
7.971741971501278e-11
2.6057408682507146e-07
0.7404907352886909
2.2867515481897804e-09
0.00011408807628189653
9.277098898594787e-17
2.050477013852075e-10
1.6065587623534304e-05
6.335080529249084e-06
0.0032522644336944397
2.1221144958995388e-12
7.491654578462044e-20
0.27567648634295694
4.478845925371938e-13
3.1698438486303425e-11
5.93602759982137e-07
1.0655781661499824e-07
1.86930040619337e-07
2.3392937163791075e-11
0.3718866398864189
0.5307960620397562
8.45222694157698e-19
0.46257735071055206
2.500856394937592e-15
4.351522707284608e-09
4.298066256157415e-06
0.00019981639280300945
1.2483798470031034e-05
5.974878754054342e-08
1.5434741807271342e-09
0.039097486716431235
5.091351986203627e-13
5.4656318257519505e-06
0.015901867440588482
7.130981406328262e-11
1.5621783569642828e-10
0.14698245292619916
0.5590891153124072
9.052754253488612e-10
3.587486111080659e-05
4.0372888094031117e-07
5.902977664693576e-06
7.374192417776159e-13
7.586304481332868e-11
3.619358419868867e-07
1.8023600866175027e-14
2.2466664903448486e-09
0.0010044633904685936
0.0006293079109367986
0.0020254615839442824
8.565310360791209e-08
0.00036664421079689254
1.1913607377980999e-11
0.16961974763854065
0.0014797343707493142
0.2831535321491488
7.744214876536851e-07
0.0032422667236614226
0.5387470839927399
0.00019738462430011523
0.002556936588808378
2.7736379434324386e-13
0.5089948396249246
0.002999931003356345
1.1347085421331609e-07
4.607454938586634e-09
9.869174801147398e-05
1.7930033205229435e-05
3.6525907467639145e-06
1.583032207624904e-05
0.0018993910495764417
2.5244383821745587e-06
2.560467169484958e-07
5.143408865357742e-11
3.6531990735576055e-06
1.387078787398396e-10
1.1673621972978535e-11
7.472979987118323e-06
0.0020309330830749856
1.5517685623845496e-09
0.49662010415879126
0.002573444447515553
0.09781720277058137
5.401888592769967e-18
2.5900422880935123e-08
1.5992724824907085e-13
1.2961572881261202e-16
9.038501840726786e-09
3.307377594582629e-08
1.1094886208051178e-09
1.8741009507241332e-12
1.394232469810251e-07
5.9909287668687e-13
3.79678535290606e-13
0.07303951204440397
6.792092362668451e-07
1.4422197558026661e-13
0.0015308422262928028
0.0004468514371262697
2.3655607500247954e-14
0.0025308229300568218
0.03313186169835685
0.005497220253692973
0.003869568170942071
4.946037533097134e-11
0.0008609515423723915
2.6573778654992056e-12
0.007217262218600945
2.7804405504781967e-13
4.150515339930619e-11
0.008778070547818621
0.00029703361456413297
0.009881616943432881
0.14889958965928068
0.042800823396270705
0.010318708682588868
1.8093610116623124e-13
7.913608524141646e-12
7.943881364361981e-07
1.6755284390162583e-09
1.7694705959739998e-10
1.2022653513650262e-06
1.6290517701265417e-05
6.805075835133083e-12
6.046274746036626e-12
2.927784944244685e-12
3.368964935418628e-05
0.009985378458885762
1.3934912852008564e-19
0.004327174240000732
0.004381006395954885
2.881994673910043e-06
3.766425838775283e-07
1.1569509421840932e-16
0.007332432550615842
1.359815681390318e-06
6.267472545773828e-14
0.008391432158429673
3.489228928799853e-11
4.590189556861459e-10
0.005324017349669708
6.495281269820477e-16
4.110859114447217e-05
0.005603568496087564
1.5219199504692644e-10
8.668617835408807e-18
0.0003684335965781002
5.132707476565778e-05
3.3943928748170756e-12
3.3887452395340113e-10
1.0939912099352505e-12
0.002537909526174862
1.8210892499391703e-06
3.890161273154372e-08
8.205926016177053e-13
1.8999412256440095e-06
9.451534692266627e-13
2.3042427259572267e-07
1.803792590139184e-13
1.319300322608217e-12
2.2442847248601609e-10
0.5018966300827806
4.4512555896327785e-10
7.862045032843846e-08
1.1930462527880243e-13
1.2289898593676512e-08
7.226463166351378e-13
7.177101403848152e-10
0.11572123865303494
5.793561858566233e-13
0.03475745976775815
5.674344862678257e-09
7.966865303564807e-13
6.526952370877384e-09
0.054344721262199955
3.317438031403299e-14
4.3764444487384177e-07
7.92182781040551e-10
1.1883390642689254e-11
0.019467939374572897
0.42356778937561024
1.4508929760588663e-06
0.3615577194706589
4.446604580793241e-05
9.467016493662969e-05
0.022105603101296455
7.170201281540326e-20
1.1440879114773218e-11
1.623811108221432e-12
0.29683216997018186
4.241572479664322e-08
1.5894653638170334e-07
1.5747156814741473e-12
4.918436015184387e-10
0.02332921904583691
1.985240923792679e-10
1.6003861397017346e-06
0.33041965194840867
0.005515904880004002
2.537072451127948e-10
4.7533570207439957e-14
0.0027812544816251815
0.0005342979939115573
0.00018174076238510213
0.0065635604537261655
0.011595736044901262
0.0322929306375718
0.0011597016275920339
0.0008688954624577045
5.686499320286619e-10
0.017817347238414744
1.5584903802495959e-09
0.011418793437523122
0.12326437653252295
0.0018537744872884402
4.56002865503828e-05
0.2411594366902873
0.014556219557327804
2.6069773992191225e-08
0.002177108269644212
0.009119221397255708
5.346453987868493e-15
6.6281054858637226e-15
0.09891926834817322
0.005655846053283592
7.542906344017124e-11
2.944617155631832e-15
1.54576792885446e-13
3.148393173018461e-09
1.2719062026604845e-10
5.225703649608779e-13
0.045091096305168964
0.013660565161236822
8.723530332498259e-07
0.011723007031047634
0.002544875147582389
3.368949482748312e-11
0.0015423991964833997
0.00891671359392968
8.638354723157144e-11
1.520464501693559e-09
3.305794964548705e-11
1.4495741395560555e-09
5.372274244483801e-12
1.0274015784352698e-09
0.00684654461677013
7.137536308228513e-13
1.5326078611634821e-15
0.009641806690119837
2.4400385808339764e-09
0.004627564144036633
2.289494248235023e-16
5.122002812341733e-14
0.003937655339544395
1.867816542729148e-14
2.2424172461659474e-11
3.0863417918527973e-10
0.06427289011526331
9.535512465597316e-08
0.05793630377240008
1.0129946731537222e-08
5.995726046536487e-08
0.018491984269446052
0.011802213820403168
4.6463101510387687e-07
4.105121727394687e-16
0.00013305971348200884
6.6519717111351785e-09
7.151526255899592e-15
0.0008566331289190975
0.009117786129613377
3.621379729503074e-23
2.444379717739987e-09
0.00020992656050723027
0.05903715021381595
1.5640227783807586e-05
0.00020027508971234636
5.432773114976627e-10
4.440602517137868e-05
4.036995562267566e-12
1.3327604259137074e-10
9.073453631391051e-09
3.0085761197274246e-13
2.806955145202082e-08
0.040459042141942556
1.0592400975527799e-08
2.8216620333210876e-10
6.8580393153450865e-09
5.07236986578874e-11
0.11244234538189837
3.335373988589809e-11
3.516367637526474e-12
1.4803073288138335e-07
2.2812554550233102e-10
6.834365938296965e-11
0.42732890402761625
6.72071798708412e-12
0.654868187446701
0.6732128767780822
0.6245078138638773
0.6900176088279031
5.332735530716848e-28
4.613367035570871e-12
0.6667014117925143
0.30712488294745743
0.7747051821588594
6.734538176019618e-13
0.5297685994054524
1.630949902096027e-08
0.432733296628068
0.5985663834259026
5.361983104207876e-15
0.5685805804071209
1.1830428376048e-09
0.5628682242628721
0.07945000978656243
0.00032419094797315876
0.49044927909240976
0.3966328751748604
8.317912481443003e-12
9.04282778190276e-23
9.672778671909479e-20
1.0811133812854568e-13
1.1978335206651891e-15
6.017956936921539e-27
0.29554075343681563
2.917975896095466e-11
0.10079159835677076
8.189487846990128e-22
0.05484072951201683
9.313662397611436e-10
0.1386531381954822
2.859909070361317e-10
1.160012651969419e-07
1.5837897052174402e-12
1.718251496616935e-10
0.0006370361533991118
1.9286946919917977e-11
5.58983822145802e-12
5.093903360229617e-12
3.983349994287746e-12
2.919828311958657e-12
1.0748382194823998e-13
1.0283491221525588e-12
2.5678025055546535e-13
2.1425223855378112e-13
0.001081178826601361
3.139854310185109e-05
1.4775407601987132e-08
2.5257636948663422e-30
2.8386802751930067e-14
3.001055862304373e-23
0.05714551992067867
3.787774628062405e-10
4.836613622581247e-08
4.06107557434826e-15
8.40865863485161e-17
9.594385109713232e-16
7.079348981547416e-17
2.612537611368329e-15
1.445437599070922e-17
8.034771197818728e-12
3.4494845649797657e-18
0.10197764053318628
1.6563363188564593e-20
4.296770654370337e-20
4.042243014906242e-12
0.00023910431231985915
0.0009464252593274085
2.0066237708538183e-17
1.1683842170533492e-06
2.1741956466556687e-06
1.1935850267294769e-12
7.732051971389015e-24
1.4991765360775528e-22
6.514645446342858e-15
1.023475912184077e-25
1.0901955893261341e-17
3.010948292184974e-15
0.007119479812409232
0.11436629153936045
4.453128804042952e-11
1.9516347361818182e-15
0.7044754707687342
0.7737192530005237
0.8274289107853494
6.233648046705503e-22
2.539109485451233e-22
3.86888295045132e-08
5.322121400327921e-06
2.483802976856602e-07
0.5113216309213791
1.234382454569784e-07
0.8079268965349172
3.6134070351906095e-15
2.749838726673779e-07
0.37674079422041334
3.9162109563564555e-21
0.5707460785971309
0.015370227398658566
0.20244372168270383
3.1831074722972546e-22
5.110825694457835e-10
1.3031538055360878e-09
0.007309545158642676
1.490475811366449e-09
0.08011835782775002
5.05171021950739e-16
0.10862217421659018
6.105224736639138e-14
4.4993371653663096e-11
9.726704729920308e-22
3.3331292643631555e-10
0.029982163737265435
4.933741903447174e-13
0.0005516153834128957
8.285975637272716e-09
1.5832599047116528e-16
2.7911181904763362e-11
1.9220000255485575e-13
7.654656536277884e-18
1.293261736872672e-15
3.448095779725988e-20
1.076158555717074e-22
0.0003729694700398002
5.1127502377638025e-28
4.546196921966832e-30
7.478053410999752e-08
2.0316290688552607e-15
0.05228189042464991
0.03222486574811242
0.04438134054087475
6.446743968471904e-16
4.808427896268927e-06
3.30629177087927e-16
4.089129200556224e-19
1.76991322052823e-12
5.801083788274678e-16
1.230524714471624e-07
2.8660545742453004e-07
4.74786027780405e-18
3.765462062014736e-19
0.00018240275291658525
7.61022638089685e-18
1.0569783581783711e-14
2.487826999541346e-16
1.2173918021369566e-06
1.975362169334005e-07
0.0035034725906814674
3.0647496394063876e-16
1.3083154309531084e-19
0.037883784931560006
3.853474129212638e-08
1.323773562085116e-07
1.4475306893428245e-12
0.03315532177113255
1.913664232862879e-23
2.222741621880585e-25
6.177551624097534e-21
5.28596472781128e-15
1.4723810141059332e-16
1.9813113201503303e-22
8.640064047929593e-21
7.733195149214352e-21
0.046664277102102095
0.038741947357191026
0.0290477550169395
4.3229473122257264e-20
1.542444190431846e-07
2.0356938494580397e-17
4.882192728330925e-13
2.3750330058319033e-11
2.4884505462501068e-23
0.007449561600614732
2.632227436432552e-16
1.51669891706294e-13
9.422671386585898e-13
0.18583263028509076
0.15962001962114372
6.40499612700867e-12
2.3521444602659338e-17
3.8233253892512746e-15
5.805438841881284e-07
2.8543940761430424e-16
0.11056911681438801
8.290589064834772e-21
1.126303769953653e-14
4.1722438221768854e-18
0.07891986166526566
3.1030941818900084e-08
3.204352331324553e-06
1.4469145429857975e-10
3.2463861734066053e-15
1.0712459801197799e-19
2.7120614865863825e-13
2.6099326517801136e-15
8.407155322931796e-14
7.968385369216603e-15
1.0227065344861756e-20
4.0504304217235843e-17
2.6686288337581487e-18
7.605463246173367e-16
1.0234910755424339e-14
1.1377817067566862e-18
2.2398970164162678e-13
1.6262537614401322e-16
1.3671831799292193e-21
1.4931676157656053e-22
7.114701278840908e-17
0.0002420637786834815
6.275210444376731e-06
1.5412122988668088e-08
2.1821760727869953e-20
0.17880863105092235
5.9348984042101524e-18
3.077015680538102e-13
1.0477030106503228e-07
5.935642161103705e-15
1.8422003515006725e-09
2.862616267245577e-06
9.265801592920209e-14
3.6319062506311777e-10
2.824402636806074e-19
3.9442562308020035e-09
0.0076355252599034544
1.5659012890345248e-08
9.843242656561323e-07
2.3626125876989046e-20
1.6594453647389861e-18
1.4844840071871565e-10
2.7460862273953727e-18
2.437630222681118e-17
5.990996350388673e-16
5.523985687911459e-16
3.244000833011946e-17
0.12217474549016573
3.178567392884619e-16
5.492266968182471e-17
0.017856188692741373
2.2173665858008683e-06
2.0372589384006794e-10
2.772382181763952e-08
1.9510895460131152e-24
1.815055908846622e-24
1.4358272781502348e-09
4.85514675103744e-14
6.620178332501798e-18
7.634770335110502e-07
0.009224333387893817
0.002511068422127232
1.789443725692406e-06
4.5801454218926455e-09
3.447656606595633e-14
7.9121772143485905e-19
3.666980884752491e-16
0.17972903311656163
0.21221043861775526
1.603747804089899e-19
8.945105479802617e-18
0.09293595324516432
2.571118371168962e-12
3.550422440399624e-16
2.7956409265537814e-16
1.0231269621963381e-10
1.087641275121413e-21
7.31220186735747e-17
1.9492575107755346e-18
3.171824972070305e-22
2.0397193886062583e-14
3.881974663691494e-15
2.4762914124916608e-08
2.450823594026391e-07
2.0067614828381042e-15
2.0546527045222486e-21
2.197337722203568e-15
8.110282996598423e-22
7.746231828037443e-16
4.49503162865813e-06
1.8129939872414927e-12
1.7734781168959773e-25
1.2748794669709306e-20
3.2019332387933155e-18
9.44629951178946e-11
1.2634086093378037e-08
4.501165190410953e-15
2.0007475802033728e-26
2.7570384060292982e-06
0.1647804631326919
6.340670545190544e-14
6.024972419222108e-06
2.524825231945942e-30
4.2859616923338694e-07
2.1501792000937735e-10
2.8213686252366235e-06
0.06660078950067244
3.500072633107017e-21
3.978881710081303e-06
2.844396944152928e-16
0.09713999147109487
1.4060423927722723e-08
8.957493480288052e-19
5.892471230150127e-10
6.718812426923987e-07
5.175925890037878e-08
0.058267693303947626
8.448185014241257e-18
0.014593052331144555
8.512049868794958e-17
2.2080453404628518e-11
2.0000175187633047e-25
0.11226922319520749
0.06103176235904679
6.635367020305781e-05
6.984665566842771e-17
1.6639153137902402e-17
2.7449148410470995e-16
2.5866289237737224e-09
1.025698253426288e-26
1.7513529334486014e-17
3.851228436236909e-24
1.7757422817762145e-14
0.04157389056433915
0.07453045742902145
8.984096699900738e-14
2.159328719533997e-18
0.04618214318951994
2.523761914744061e-19
1.8711349687023712e-08
7.219760739500494e-17
2.0933472416487906e-18
1.5095197608557272e-10
0.13092167928511017
8.568305693761491e-21
7.962007138437072e-18
9.163832212498734e-10
0.08188766954784363
4.373575833334459e-21
2.2305513378925338e-24
0.044526242069781445
2.1798381770774294e-21
5.99952213440711e-08
2.330286100359901e-19
5.481740283905017e-07
0.08650134546329089
0.09374494425216806
0.02962250813739306
5.0558312225460134e-20
9.117255447087313e-13
0.0044134420303799165
5.229311040091375e-08
1.9988808718367608e-23
1.7612264215603546e-21
0.1755376448233601
1.0625501889472698e-09
2.0282067755521825e-06
1.0540703302427163e-26
0.013406949937420788
9.244890863821593e-07
1.9801380756995677e-17
2.5723829670154112e-11
3.289050703686554e-17
0.11576428177021013
3.017942691652532e-10
0.1678919188149785
3.9571297244122263e-08
5.746910955377791e-08
1.4014744100733671e-19
0.012607002511046076
1.7992139298195846e-16
1.0447010388410285e-16
2.6773453580421608e-09
1.756498526258893e-14
0.13802317847694429
1.2327088805243696e-14
0.11421436593596948
2.9233447283123226e-08
8.394621192513763e-14
2.347397102738937e-18
1.2027157658098496e-11
2.0850678851200426e-21
0.013720011442944078
3.149158160925598e-11
0.06516369969550512
4.813012587904601e-09
2.781675763090196e-08
6.411592916048991e-17
2.9527807415628196e-07
2.9694353876395826e-16
1.9374524898223243e-20
1.1717114655656736e-10
1.1545449065203041e-10
3.530598780528088e-13
3.4628993642617756e-22
1.5378031059669542e-18
1.341930269983936e-06
1.2820422959441335e-16
3.310540874243285e-17
6.630555819199391e-15
1.5421157702281834e-17
1.3131682237187847e-11
1.8790466127497157e-21
2.4953209006981263e-17
4.4727639471460516e-10
3.4687954873877954e-06
6.6260913234582295e-09
7.263939498385772e-08
4.068387508792582e-19
7.096844731237479e-09
9.048400079495607e-20
6.978280294489429e-10
6.518816597807734e-07
4.65545018605988e-09
0.07278998470298331
1.321743102334694e-06
6.513847143758018e-08
7.108468231837311e-09
7.27309061590137e-17
0.004677182251047409
2.322378570873746e-19
3.543498116394186e-09
1.2807333310738044e-09
4.498324633963659e-24
0.02175467769491889
6.964304599550069e-14
9.163406098486164e-10
4.177023606446408e-18
6.014749084230473e-23
9.221140506721393e-10
7.624871448545849e-07
1.1639471810488154e-14
6.858770013853208e-17
1.1355689475780572e-15
1.7788989718163902e-16
1.802156416328567e-25
1.3394159775206577e-07
2.2515325632569808e-17
1.0141804036400078e-13
1.5695641554744917e-23
0.04891202888978445
1.5888881501356405e-08
0.004473574125046549
8.115392763333277e-08
3.127918818612575e-20
4.608148408388553e-20
1.7490377461142754e-20
1.4820593582753113e-17
0.01355738362402941
4.1374248685820465e-17
4.2894103193915465e-25
2.450393734092546e-09
1.6336653067129425e-18
5.193206428392744e-06
8.944086383303327e-15
2.8797442479507565e-19
2.918347902012746e-09
4.703299835505106e-19
8.963044014118858e-06
1.975171064633569e-06
0.21201569377948806
6.16077442494383e-15
0.07884376400869131
3.768154072554821e-09
6.012058321286616e-07
7.614098836439385e-11
5.938717151470717e-16
1.447960239190141e-16
8.026107997578417e-12
6.15031571693157e-14
5.2951619493587154e-18
1.16592763362588e-21
1.2646437505364488e-15
1.039056626399585e-08
2.6050081796952955e-17
5.0985996020601126e-17
7.672959607845868e-07
0.002493274445073106
0.04373295767333351
3.47514698093267e-07
8.739397138396979e-11
2.95002396808404e-23
1.6080631872024251e-10
2.4115867135358727e-08
1.0655727227561087e-19
5.9212869868448e-11
5.888785800332347e-09
2.0250169783824434e-17
0.0797330505809392
5.853056076252975e-22
1.629754142643635e-07
2.1539297513366816e-10
7.319679544788223e-15
4.0367803525926875e-21
0.07228672359815974
1.126171200987477e-14
2.887920879498785e-20
6.2065003724346286e-24
0.022417522963511023
6.761816021348669e-11
4.247002453817864e-25
3.4742760533817044e-25
6.265841422071926e-20
2.2567312506750727e-19
6.079083670323316e-17
3.5125361662618804e-15
0.07916382561169512
