1.5314137094887446e-14
5.732726817516593e-14
1.9810087980370995e-13
6.319285885126402e-13
1.8608271923248325e-12
5.058252742794995e-12
1.2692624997351617e-11
2.940077739249627e-11
6.28669831624377e-11
1.240917381567867e-10
2.2610988906862165e-10
3.8032308528395593e-10
5.905303998874576e-10
8.464245923519755e-10
1.119929612038571e-09
1.3678851170923804e-09
1.5422861628482913e-09
1.6052280551856116e-09
1.5422861628591402e-09
1.367885117111625e-09
1.1199296120622169e-09
8.464245923757948e-10
5.905303999082297e-10
3.8032308530000655e-10
2.2610988907972092e-10
1.2409173816352794e-10
6.2866983166041e-11
2.9400777394238015e-11
1.2692624998119193e-11
5.0582527431059215e-12
1.8608271924406434e-12
6.319285885520142e-13
1.9810087981585253e-13
5.732726817856656e-14
1.5314137095756973e-14
3.77641971319722e-15
8.596554538784482e-16
1.8064461966408046e-16
3.50414509619979e-17
6.274737640980594e-18
1.0372071559334867e-18
1.5826754961520464e-19
2.229331712176339e-20
2.8987712865355495e-21
3.4794423820361277e-22
3.8553320526753156e-23
3.943395806308559e-24
3.7233631218093487e-25
3.245314999970866e-26
2.6111676867433297e-27
1.750318043975822e-27
9.774700938087699e-27
5.039024026708358e-26
2.3979814592999566e-25
1.053420229453663e-24
4.271829679547897e-24
1.5991258542408048e-23
5.525960833752009e-23
1.762744634606351e-22
5.190718079267372e-22
1.4109834631510296e-21
3.540567244441506e-21
8.201253044095353e-21
1.7536544362470566e-20
3.461499441737687e-20
6.307263210339029e-20
1.0608991113736332e-19
1.6472657083455862e-19
2.3610743933744253e-19
3.124007919029757e-19
3.815671888830562e-19
4.3021580413335266e-19
4.4777324417183015e-19
4.3021580413738465e-19
3.81567188890184e-19
3.1240079191152396e-19
2.361074393456596e-19
1.6472657084136012e-19
1.0608991114233698e-19
6.307263210664392e-20
3.461499441929507e-20
1.753654436349382e-20
8.201253044590502e-21
3.5405672446593675e-21
1.4109834632382326e-21
5.190718079584966e-22
1.7627446347115239e-22
5.525960834068519e-23
1.5991258543275572e-23
4.2718296797670166e-24
1.0534202295044936e-24
2.397981459406704e-25
5.0390240269078595e-26
9.774700938416215e-27
1.7503180440233305e-27
2.8932562671017444e-28
4.4148227977701105e-29
6.218649679373126e-30
8.086030012093973e-31
9.705793505389495e-32
1.7260344189430814e-31
4.5443763553061914e-30
1.1022970298238047e-28
2.465769613503403e-27
5.092571266018404e-26
9.722724647372497e-25
1.718105401338853e-23
2.813562043569481e-22
4.2747536075533626e-21
6.031982195431853e-20
7.911438235351544e-19
9.649269984690754e-18
1.094258053364614e-16
1.1525285600044721e-15
1.1245722685529597e-14
1.0132495445547402e-13
8.40314114758378e-13
6.392300799271052e-12
4.445522336609284e-11
2.8202749750974065e-10
1.6317517071738099e-09
8.62558517277706e-09
4.17912380104939e-08
1.862654469804713e-07
7.662603924127133e-07
2.9144347695728283e-06
1.0133065663023166e-05
3.1828098729761895e-05
9.061383432153448e-05
0.00023531582854926698
0.00056022285832575
0.0012277909974230939
0.0024860622689484987
0.004666336600338758
0.008146052616894904
0.01327170928246646
0.0202578193637737
0.02910290803039277
0.03957890899967846
0.05134625094444601
0.06423106029793613
0.07867886188483032
0.09529947772708519
0.11379531639040052
0.13312009611323733
0.15169634930242967
0.1672921962709715
0.17734652698090578
0.17955093494308413
0.1725402404501143
0.1564451037173415
0.13305834517667198
0.1054916204639739
0.07830536535648114
0.056687472677660104
0.04115526241971234
0.029442839929882614
0.020225662047516045
0.012982560113110437
0.0075774788162211145
0.003918607938125688
0.001759717290820072
0.0006825165864449523
0.00023236919891712605
7.156228835019327e-05
2.0402845408871556e-05
5.434235449877906e-06
1.355126964264692e-06
3.162119554232545e-07
6.893047313639843e-08
1.4007748263637716e-08
2.6477184593960537e-09
4.644334426230047e-10
7.542579785470084e-11
1.1315074258201784e-11
1.5643723802513067e-12
1.9888666247851808e-13
2.3205586189270506e-14
7.224755890771536e-05
0.00046652249221375253
8.723711617566347e-07
0.005413567453512358
1.2541231564000578e-06
1.2141270601843623e-06
2.9211030034116696e-05
1.1099341466365825e-07
3.7441627622222036e-17
3.231704197227848e-23
0.001411389375420793
9.858812183247592e-14
7.1730087386219e-07
2.454897897639966e-22
0.03408792031901569
0.0014073688061659387
8.709311629143037e-06
0.0034017849956124225
1.2185854072656551e-06
2.9191806280825387e-06
9.043830258637741e-05
3.103247696102565e-05
0.009273740758928868
0.0006034703541932499
0.1304545074264451
0.1641571222371702
3.2131147080945246e-16
2.4574755499648593e-22
0.031794528688281996
6.0499101040705226e-09
2.2259570660614495e-18
0.23421560580867323
1.1033618558493067e-28
8.729540297891083e-05
5.860512130416141e-09
1.1105938219940106e-07
7.258258292873404e-05
7.193136368722594e-09
0.00018262416884295868
0.02465123978048634
8.352458970722351e-18
5.858872551789419e-22
9.844077815687042e-14
0.015320998345355955
6.085655347345608e-06
8.758225152545674e-07
5.7302707076773e-06
0.07523070060417442
0.16785144442260716
1.1962087679538666e-09
0.0009334874020977348
8.685682170931736e-06
1.6150678135852618e-12
0.0002297794233611284
0.015589321969428508
0.00454773126783363
0.04218552519592587
3.448895987669548e-16
1.2032431687686471e-06
0.0015502702815284235
0.0030301193754820968
1.3011498800608999e-08
0.01865509704776158
0.0004139118282381326
0.0005790587434538469
0.00013735110984927168
0.00017738793720471047
4.822421398635378e-13
6.096093765277914e-06
0.008406635191151174
8.995480916488846e-07
0.21850080849255618
1.290868652489505e-22
8.720035983623119e-28
4.4836212025371365e-14
1.0272351354749226e-08
0.10037657180103597
7.9619101379962e-05
0.16152959305106573
0.009319888933275403
3.1071125073653365e-10
5.431456363008872e-09
3.112271722337076e-10
1.7269956079889748e-31
3.3326638815879228e-09
7.795384316908706e-07
4.824602153477585e-07
0.015659345601018455
0.13927266748466116
0.16812933779827113
3.069400360342241e-09
3.064272862584147e-09
8.602061077928843e-08
0.01859810762721315
3.2266119866817375e-23
9.935476009902864e-18
2.3546950459063284e-06
0.12679024388347682
0.0031373571126603827
0.057198994398149884
0.042077603059160786
0.1263808796431588
0.11075367701982355
0.006191803641460542
8.097821706217741e-07
6.917720768238841e-19
3.398805346526826e-08
0.07205452170100551
6.553938629442373e-09
8.30323733947254e-06
1.1947559903196895e-06
6.979504295425602e-23
0.09886146423454126
3.683765524140539e-12
0.0004985372911730557
0.0034286260069326864
1.632987060959801e-10
9.700182387403336e-14
3.3997429182541814e-09
0.038146751874000615
0.0005821988957626842
1.2482026468870474e-08
9.265129671280385e-12
8.587634548519246e-08
1.194276898290277e-09
0.007827263606560674
0.022302641931653277
0.00012038839475933595
0.10215615622096538
0.015379626923258932
0.1387893046918796
3.682973310622713e-29
0.031914463663767365
2.7450603943774013e-05
3.395353957668834e-08
3.6008613675907085e-25
7.078733726690468e-10
9.716669865064215e-17
6.362656016218053e-14
0.0339798262138885
0.09763521490287948
4.936123882485934e-05
0.0003276604190406464
1.289676353796638e-12
0.20381629611926957
0.00012557193348423733
0.17019054766130504
0.05756128767641131
2.0456088215145276e-11
1.3645007251920162e-06
0.10562208820305578
0.13394895560347048
0.1290587396659195
1.5912409488400687e-18
3.675056592228031e-06
0.11310582908843993
0.0851450270592193
1.572101693781679e-05
0.13349534105950317
0.10266099948820581
0.18055064766342205
1.3271808135166118e-11
4.723795887401842e-24
0.15304291212124538
0.0006067249326468987
0.0004953103506073615
8.539900763704718e-09
0.00032274430527177506
3.255559694038294e-11
1.0810486646040651e-08
0.052965066950993414
6.353290071958391e-14
8.793842714650558e-06
0.13339515248396383
0.08614597494838783
0.1458759901519285
1.8637388931943088e-08
0.03230865748030221
6.935054310313435e-09
1.858886025723366e-08
0.032444887112407325
3.117231064416236e-20
0.00032482778040381815
2.6634765857839744e-06
0.00025085902144763786
0.02475333020394927
2.911323072997779e-06
9.409792571927496e-06
0.17298970792852408
0.1737727906064593
1.3790940066824965e-05
0.035052690532306384
0.0031178634403204518
3.23678028204398e-20
5.906943024775907e-09
0.0005807443229541571
0.00024099447137880745
8.738899676117624e-07
0.00030012563381640793
1.7988805940181086e-14
0.0005657312337497938
2.574057859550429e-07
4.711391882487221e-06
3.690641264953348e-12
2.0091158160355576e-09
0.000605104560893054
2.3284406719691193e-05
8.735767618292074e-06
0.00030462677493054465
0.17960082997504281
2.3967392057204198e-11
0.009231482187496382
7.894146792228713e-06
4.189307522939809e-08
0.17896556440035677
0.00023943306969376595
2.6384532208746955e-17
2.738178698727679e-05
0.057996035545181776
0.17933819706334164
1.5991046342773035e-07
1.8034629600855844e-12
0.06791114711919854
7.808272459201249e-09
4.4203825026118684e-18
0.07681908583079154
0.10231234047893521
1.1071406075751185e-21
0.00019282689503697533
4.1156759058237274e-13
6.506205904199557e-08
4.72373361559272e-08
0.08996936445311315
2.3276966629069623e-05
1.631156140193748e-10
3.1312356844601088e-24
0.1500051068090467
3.44252390673145e-16
4.826440102242528e-06
8.744174497637087e-20
0.15238350234116319
0.00012021766003432763
1.588999794809735e-18
0.0008746480699542929
0.0496475913431439
3.2627323587188065e-11
5.804300299488166e-21
0.12849491979223596
2.469670582213819e-27
0.0932403099475982
2.9810985118826266e-05
2.007038786477747e-26
0.042531897036784554
0.17199304314588174
3.6067594230711617e-19
0.009118580024485087
3.0032895039098536e-11
7.997845761892846e-24
1.6343716326107118e-10
3.255969136897406e-21
9.019864419087212e-05
2.609831464085226e-10
0.023250325996772042
0.04184904300600862
0.010928477754397153
0.04234990107914562
1.5959693284023655e-07
0.006150168154729629
0.0026235977442326114
0.017294161905636388
0.0071015549270096075
0.01788436296911912
0.01783431690529598
3.3897541242475813e-08
0.1664658848702446
3.950557092429102e-11
0.1166145476041525
0.12265144278891592
8.387933724614376e-09
5.366987207168933e-17
8.578293638915701e-09
0.00031156600891229006
0.26788629342116094
6.5022198216958844e-24
0.006223879853880553
0.06979483253175227
0.07013409563495399
2.3583099563297504e-06
4.6150478772947925e-18
0.006075745091005124
0.024205173371526327
0.003733823972970391
0.21460448730461298
3.7691096875195375e-06
4.622083992390969e-18
0.0364454325351382
0.03739370908495216
0.01423395034656021
0.002630545454206313
0.03829969417278186
0.17842090973191926
0.05154616286051675
0.0006445283274713636
4.812550925056707e-13
5.38342263299403e-05
0.0979636950391379
0.00015488467838296814
0.16909382691016417
0.1694434788170323
0.17608806974462515
0.18216817532565655
0.09960358971271242
0.1828286105018647
0.0015175514472535782
5.466741100321269e-06
7.051333752783075e-05
0.17548012108653457
0.037051899597248625
0.1496680829275921
2.222593379558075e-08
5.286807717713724e-08
0.11559625572937221
0.1590218239486925
0.08348805808952216
0.0021535953779551003
0.11525356105248744
0.049418693429003624
0.10006028297967796
0.004460305409058311
0.09976504008861874
0.08324084263912337
0.001170209765521025
0.21143067331153526
0.023515555606586212
0.2679826705689047
0.07809757612486154
0.05190958138082379
0.23817410108197407
0.3010770355643585
0.05209707860157634
0.2689046958387948
0.018334826083613764
1.5152283338192388e-07
0.09278065498425629
1.5694191562882867e-08
0.06715524855110036
0.06736041689319709
0.022908704177007858
0.28797553048281177
0.31698357657041665
0.24651501184497998
1.6023322885140666e-08
0.01614427010384262
0.16222777351575518
0.2940004748732414
0.31532519638048867
0.01724067580725672
0.28924533974742006
0.19280670731327354
3.232109340771494e-20
3.914892945232122e-13
0.17669168147683076
0.1906413808500161
0.1192438037814296
5.715046940483028e-07
1.7766694715398026e-06
3.9078037467424643e-13
0.005601815721052402
0.232234297578506
0.2759227346783077
0.010019176959288226
0.002343332672502454
0.009640039922069537
0.0003517843376794629
0.05617946946234323
0.2564781594359821
0.23744655345359525
1.1746351370207128e-12
0.0009132061026506207
0.24589789209233684
0.2088756599621367
0.0028656758992358427
2.8523093764536343e-06
0.0931699994655219
0.5885455298180586
3.850482339239349e-14
0.23095244886722605
1.7791576909785687e-05
0.04972392864440549
8.755424447303945e-06
0.5114009340841413
0.16378318824302754
0.06894717849352558
0.1443451803499752
0.1702460550237559
0.06702994029111183
0.17722312014717737
3.1938020543701924e-05
0.18363701431799742
0.06444502225816161
0.06515113744684024
0.17792026618258594
3.1951509584399547e-12
0.08010685720654934
0.7048248603976688
0.06606609482913557
0.6610427772597697
0.16586633126547703
0.00014852764692420753
0.005315442818063467
0.048972395364043436
2.5480636611626534e-09
6.006591915385285e-16
0.35573439854672273
1.588014328648458e-19
5.7914428590888304e-21
0.28761655121180185
0.6250256853698941
1.7831643123663698e-05
0.6306134349613911
0.1569737034676026
0.061627390093475315
0.038868302070418574
3.2166823506523544e-13
0.41419599105289023
9.66344853869087e-18
0.12007465092107719
0.4485567489356253
0.4746853542722929
1.2725695384277022e-09
0.1277623920500665
4.590206682432364e-13
0.002349284962966225
0.045430786436721396
0.0008692633044619936
0.003820093844555883
0.22758810064512858
0.20827585868458814
0.2407805223703909
0.008226415170133063
0.3995132459269454
0.06533113624322748
0.007378041275623153
6.990787250623117e-08
4.6861000754900246e-14
0.007397064131184019
9.298151444895373e-05
0.6677997946009748
2.594053638082343e-13
0.006517892536657542
0.03980037346791128
3.8574140473099296e-14
9.027932686453743e-11
2.0489159624017112e-05
1.2887869061087532e-22
7.141917066563993e-05
0.007119490433725996
2.008231063154253e-09
0.6049943450636494
0.016737278307118127
1.8967915359513375e-08
0.05786567503121781
7.077388949356477e-09
0.00016008522097266516
0.6872654218986578
0.0010348055519126852
0.048927146571513064
0.001971631274670117
0.010760590512838538
2.6293867411835748e-17
0.008204842612636624
0.05872198187123113
0.6697107917716885
0.13466505687005773
6.038637404335058e-20
7.098570138750206e-08
0.04505269062901172
0.04653499888128083
1.5077037168157478e-05
0.050544030635989334
0.24218097572204653
0.2222483210478132
0.09903401233095757
1.2523504745959249e-05
0.5267033006278451
0.2045816413198311
0.080934300205813
0.22264098549036926
7.613811548043182e-11
0.00016959535542875734
1.2551146446253186e-05
1.0173575537799125e-05
0.004357472013945854
0.04588913633311274
0.09297999601524033
3.368654811827874e-06
0.08302624565867278
4.942492415580554e-05
3.0860337868832886e-05
0.5521508404961293
0.05612332644224904
0.014289083963687221
1.5110786807888197e-05
0.23980608766378275
0.16609966910631846
0.16240834828826065
0.05373579648922782
5.22555809793885e-05
4.373449109546307e-06
5.670383811651539e-07
8.4510327307246e-22
0.30326411434170797
0.3121905088426724
0.006534942440874533
2.176300119167348e-06
0.009279054259499346
0.21295224547721572
1.068773048210398e-11
0.009349153958462714
5.041213193732532e-06
1.7460100184190683e-06
1.7806557545407047e-06
7.599313782340126e-11
0.340185185244816
0.0015779174568289523
2.5188646056068397e-08
4.148477644157778e-05
0.182230271857309
2.589329907304264e-13
0.5466333995862068
2.073008284207136e-06
2.7353996708053436e-05
2.573349737580602e-06
0.06020266341220001
1.0359968114953399e-07
0.08780506295419056
0.01072814650499978
2.686234039247003e-09
5.682160324842458e-07
6.887015526522616e-07
2.2420510733261597e-17
2.816324233095596e-22
0.3886059189274643
0.13342255237030085
0.173122734570006
0.7260893897835577
0.35957399837888593
5.140583673553667e-05
0.009309446528780794
0.007879464551479564
0.09514984850927155
3.535248621479794e-10
6.405213380698925e-19
0.14743762451838807
0.016242133929662037
3.311946096011295e-06
0.09373930392026784
0.0047962731393204885
0.08378409409250123
0.2753594766539561
0.15985094000205047
0.007908321391584186
0.002288708005977197
3.5284632387590564e-10
1.3158634056334868e-09
4.9311463207182615e-05
1.042312767553922e-09
1.415081761731771e-08
2.860418336594162e-20
0.0009344245186334046
0.08315231744119893
3.2009986540653486e-12
0.42772349609200205
0.16819650625200946
1.8431128262400608e-25
0.08406157368283622
1.919560862264262e-11
1.0195863320283548e-05
0.0001613534550415689
0.40683223131389495
7.669383333653368e-05
1.993913785119726e-09
4.5590553450571087e-07
0.6304094419374298
0.14283636025061197
3.897121736370286e-12
0.08342586575174848
3.086435205318666e-29
2.144457430506019e-05
6.040487923262552e-11
0.09567245529165178
0.00015701403515071908
0.47806990822383055
0.03544648432270188
0.001238944520533505
0.0009425713661546883
8.734315860118434e-28
7.225671450909321e-10
7.88460549710981e-12
1.1001200642412886e-25
0.10480398204252801
0.00091548332972946
3.7158824280217736e-09
1.044323352877818e-09
0.11258488846492266
0.00278512370090712
0.006553820570272302
3.476043010916278e-07
0.0022944179511434197
7.648503070970175e-05
1.204781962543675e-07
0.01067123996061841
0.5124287453240867
3.960996353352454e-07
5.035441085731973e-12
0.022476880557944143
0.3275682779222365
0.005659883084221383
0.30723343901256434
0.004874044465858581
0.15576705266916313
1.9243474242585915e-17
0.4754319671479314
0.11909136714496982
1.874193245129718e-12
0.08217386601661908
0.08245614234748386
0.04422312127587246
0.6529862198251744
1.1589533356351144e-11
0.008993783901690549
7.247329243560702e-12
6.347908171172099e-06
0.11647067650617707
9.407946334514673e-15
1.8045630513644532e-23
0.5351064465284118
1.850715127014265e-21
2.7293601173013627e-05
8.617690724414269e-14
0.006581428036532108
0.11673656663379872
0.647144157872737
0.3787217539363786
0.23166903050336723
1.1708807135235436e-11
0.021454192915821856
0.020387681340349836
0.17381850203348567
9.19144686673606e-12
1.7930949275030435e-05
0.19449456317503191
0.0993433780050393
2.6829174112046103e-12
6.41450070802346e-19
6.907072539949588e-26
0.7064272292725505
1.6615519074304037e-09
3.0986120631454825e-14
5.950813572978552e-15
1.7901831484210623e-05
6.704600313207037e-27
3.088877478431128e-05
0.16924962298652085
5.529589156456959e-09
1.5696508223585729e-07
0.006154549965211477
2.049583188216412e-06
1.3716601670052256e-05
0.009667135570237788
0.01504459986928484
0.018541514350124567
8.583834577488313e-10
4.519490227880405e-20
0.09653084421790868
0.7715102263783564
0.015003647498551716
0.7246541539127619
0.7227649847227553
0.0266265653716908
0.0018395783585674057
0.0007439123048073379
4.5094562454033305e-20
0.035818711027746246
3.059493156957729e-08
1.1751776336005466e-13
8.124013441379724e-06
0.051868349223611665
3.893068201325435e-12
0.09026167585750874
0.0003717045867682986
0.6229388595392741
7.231578844998599e-13
3.482537101751728e-07
7.670342595661871e-18
0.07293104129507103
0.0015577163397311451
8.190759764921599e-15
0.11714466711519432
0.0007896803439947484
0.3070722130083505
0.0002982175038705704
8.505012238470012e-05
0.05744904238737132
7.768087511959784e-08
0.029066010628684063
4.737580985135604e-08
0.0005340430417364888
1.9001374866557235e-17
7.659030319424498e-18
8.077478280906251e-10
5.7224050740339176e-05
0.3236417922531811
0.10703200135987652
2.182352209395142e-12
2.4360339759388584e-15
0.051788850355344605
1.2072079791774073e-07
1.8936641154997193e-08
0.00533900785580429
0.04800680596348092
0.0011052340601726844
0.04251085729791162
0.08054630862373226
2.6956837659633942e-05
2.622033077815393e-16
0.06815342535868565
4.261000068848757e-08
1.9836129064458777e-15
0.37354582940094666
0.04898408439980455
2.664310342734907e-09
0.7534117857670495
2.804183351344404e-15
1.9085007053241386e-24
2.659010914378742e-09
0.28128100766462644
0.07873104466552315
1.980170306991477e-15
2.4315503500236755e-15
0.0004024036066443523
2.626476111418528e-16
4.20679961648689e-15
0.08706222511208311
0.006171498487748138
9.472169508716058e-18
0.05188519715089643
1.007747016264031e-05
9.208289426947022e-12
0.1549953303935539
0.03942452815311038
6.361474793318575e-06
0.2905457099982172
0.05768715699937494
2.2565183317620022e-15
0.0009536358728782996
0.009694925842614005
2.228571189122886e-08
6.376042262152846e-14
0.4327962888329129
0.1545976309593463
0.43528416726325325
3.820583144564082e-17
0.00132040506167456
0.04717913302769006
0.0031066128617476146
0.08107103072452676
1.8451818792628341e-25
5.5483616979937967e-14
0.029746245036489326
1.3133140831676433e-09
0.13616429019528534
0.06798957706661185
0.02250825629154265
1.795777787173717e-14
0.0005353707872299673
0.18956728392034672
0.07594201827087456
0.09167849824541713
0.0006191381835922167
0.3005913503369655
0.002953236869393801
4.426903136166414e-18
1.5875905090952807e-06
6.189148151747775e-10
0.014969468820091817
6.842878327183539e-22
5.965816955550823e-15
0.009131369106823004
0.022173177903543555
0.4518239149468448
0.012275242821687222
1.719166705170886e-12
0.00880461132301361
1.0758695700911301e-15
0.005987814263191821
0.46218966593843736
2.926860707902429e-13
9.298288392492847e-10
0.3062491156330197
0.1037183652045761
0.031923812912398604
8.205756970359696e-15
0.00035166379122063073
1.290757820597499e-10
3.7491247242818006e-17
2.3978285332589225e-13
7.223238049869829e-13
0.3379798319013072
0.0007456900511793979
0.4391822426092089
3.577953240262649e-07
3.9444950069276166e-11
5.940879339243995e-09
3.073177023297667e-06
7.070633604027951e-15
0.18517260010435546
3.79921896867473e-20
1.6479646143083417e-05
4.51089109251752e-07
0.017290128852542
9.190965237447449e-08
0.0002989156587952014
1.8056178159928258e-23
0.022238198174413273
0.13540241096284908
4.724462188537722e-11
1.896775881082918e-17
3.065309731166046e-08
7.280326792945401e-09
0.0264245855666613
0.17643446818665862
0.08361221234423838
0.17714720755885813
0.037325227113621226
0.1517607330524096
4.715662122297073e-11
0.16081348915186908
2.034649262421558e-06
0.1770410076484668
0.06346190375180236
0.004255259686424253
0.700356023063509
0.09923292460531025
0.0053653502706351485
0.09321480660843083
0.06294534494761186
0.1895118362383728
5.276560682624282e-19
1.2935886171462314e-10
0.09618331103522297
0.0020425738847365377
0.03193679486546963
0.03818388995161259
5.558799655470417e-14
9.835344345254745e-14
0.12875989987004402
1.6679792428626914e-21
6.914094580310127e-26
0.0619331008062319
1.4230991428448818e-08
1.921528317933105e-08
0.00010830292811166221
0.08578850774531234
0.1844079011577442
0.17855317878094695
1.6455832834967037e-08
0.0064614540592315365
0.13287456426620858
4.446413637005111e-08
5.4305808735020525e-08
0.008970001976478799
3.5535106671977476e-08
0.0032987663606805664
1.644413561341437e-05
1.1154893071663159e-10
0.12179083010722389
0.009381972715032829
0.042390923861976994
0.025785556386154422
0.1000697680270253
0.06377296497234722
1.3866211140484473e-05
2.3350315337281998e-05
0.02140149071797828
8.486418773168393e-06
0.1858265878451589
0.00020731599721638807
5.955270199771502e-15
2.7714573067490586e-08
0.02438260325224368
2.7965915636080083e-10
0.3261410694353397
0.0723228038238321
3.56063761129944e-08
7.55890802364958e-08
2.776965855062578e-08
0.17885912835747358
2.1667994126845935e-10
0.07268907999724646
1.425933795767214e-08
6.051843313045116e-11
0.13490641446077148
0.41111995288418907
1.648984661424691e-08
0.11410036722423579
0.21004979019120554
9.729401514767931e-25
0.0020476291587364515
0.15440074287242558
0.005644973918946398
0.07967236174308388
2.026657730255196e-13
2.070095367398662e-21
2.3215443840140058e-07
0.40928863804906246
9.488812188895743e-09
4.455425995135033e-08
6.473206607438993e-08
7.0580867960197495e-15
0.12390333885385355
0.00045288068353928476
0.07124000940155173
1.336513229690686e-05
0.00400665359943725
6.222918853990255e-18
2.3806890977469855e-18
5.44171958456416e-08
0.00034667370125129545
8.073162113811014e-05
0.33305527063080376
0.0011069236602906218
9.42488405301316e-07
0.001973652240854322
0.37211921000891424
0.01765452917558798
2.5173980065957047e-06
0.16388163346608514
1.576731718289819e-15
1.3278100822926365e-12
0.13365627083894208
0.01628705775367513
0.360745603681909
3.0971812167506396e-06
0.4476584876177857
3.718738552617548e-06
0.09962018334468192
3.4016913133520146e-05
2.5121088518318817e-06
3.090589757940162e-06
3.7267739193177936e-06
0.06560996657642185
4.839303054849848e-06
0.409119248707214
4.382998577620606e-06
0.16871498109520647
5.549065937128624e-06
0.392745066045289
0.4841754455057576
0.11766352117217205
0.14049046687394917
6.87047085001539e-05
0.1621257041390509
0.40940010921492537
1.9100775189438424e-24
0.01843144011756426
0.11965670119796441
3.597832560588799e-11
9.009615044124377e-17
0.7657254788275552
0.6445839101427173
1.2023780786130228e-08
0.002651156755671918
0.0001269390218623804
0.013795509599972751
0.04912994400359847
0.0057555663402333165
6.885820577453853e-05
0.06550622403549251
0.02309695772587675
9.590264407194826e-15
0.00014887582532006788
0.00035146358357900705
8.160184633439705e-19
0.04497378305188486
0.05102069195581574
0.010601153321664114
0.0006683691246450675
3.2130466792990805e-16
0.6832693003960162
7.095577814499775e-12
0.0005504754758249299
0.6903103659866735
0.23174382296049859
5.2606362927867e-10
0.05398189730352916
0.00012723420981221745
2.970608608195675e-07
0.09997433890142389
0.07769404658877106
0.3474454845191497
0.0005517693026798888
7.316070801756589e-06
0.6373516022194692
0.5927834981367989
1.9900123401637029e-07
0.009693076210400511
2.305569143350763e-09
2.3402828021273516e-05
0.010208795074450952
0.0014467545666550924
2.3760394003705903e-12
6.201516732121652e-10
0.0012285197716906731
2.9769644559161635e-07
0.0036392017963109338
9.483051545833097e-18
0.0003650765864775737
0.0007409230212221062
0.003992809168383349
0.1839782696417389
0.00035065497345882054
7.203263141756319e-05
0.04956224613265749
0.0017427172710700947
9.03267824385322e-08
0.004809236397960786
0.003830798539904757
0.07536750246293118
0.6634047472374021
0.00044437288512956085
0.3296044059636435
0.028474601505484958
0.010287631575259786
0.0004454049297384731
0.00436854547778503
0.5422584245635149
0.0032408977818928083
0.44526941991087055
0.11669922577760622
0.11455175169231416
0.23720852263066022
0.0035416877693272074
0.15631490460897737
1.6326425475039303e-17
7.387726882580905e-13
9.447353636393914e-07
0.38499443189690447
0.0039813363669879195
0.0155199126020704
0.0014066095707014061
2.109172383043688e-08
0.07559114473558588
0.03721511243439837
0.06175122866282889
0.003227503741691578
0.08195932517203201
0.11156980325423332
0.037088102811476564
0.10053263626814853
0.020658067961825725
0.20565492677646274
3.570684602908217e-07
0.1133286767064303
9.019415968094394e-17
0.023448679083704023
1.9276348335879508e-17
0.05364739981364003
1.995698704731175e-06
0.034529677828579096
4.0131510267146036e-06
0.0974375024716235
2.149149015792426e-05
0.003069261980380433
0.3312459236290044
1.1609908705530334e-11
0.01527668536326654
0.0013819514454446913
2.3241445551559528e-14
0.026222353452026368
0.018131195911467213
0.03831017639606598
0.0014052852305892522
0.13499903042354586
0.02890356184151579
0.047514754193192114
0.03720606092183904
4.202784152844692e-15
0.75613443623512
4.875967656552004e-06
0.05074789020596034
0.0639662657491663
0.10744702906441317
0.09070195102791778
0.0032374505980361174
0.02084900610812953
0.03590605169905436
0.3024603195618041
0.02361317313287025
0.0001059532596814218
2.1627153949391395e-10
0.017904581297845248
0.1346130843069335
0.4741544393785924
0.002562828052133274
1.0770446745117481e-15
2.673071834242114e-06
0.15289283070404278
0.2313462050774031
4.840902941882708e-09
0.12025978308589876
3.7228258022801924e-09
0.01196753490522033
0.04506739656989635
0.09650268942820456
0.00023481499552648202
0.018477566604162853
7.112392826842788e-08
4.6775290466284195e-14
0.6214614149107641
0.0014104867521961726
0.013780723054444414
0.13429497948834546
0.0032494475977164704
0.035435667997413406
0.15232495719163383
0.0018636985941124225
0.04767717590036016
4.912849177696738e-15
3.2612367557852453e-10
0.16728302963633596
1.871249494090288e-11
0.41250050077266665
0.03841684716280145
4.58028997870351e-13
0.0002478566087908543
0.0017469723315274906
2.5400308463517657e-06
0.02636244143739737
3.0551654916751164e-06
1.161228448467262e-06
3.0288682762581843e-09
2.0495269631672238e-11
0.0267796028881453
0.0014089199456562725
9.113875268780929e-07
0.0288333262510203
0.03731639526856186
0.09582363747538745
0.035620952406477766
0.4567342336781543
0.0002703572829522432
0.06625860495832528
0.3832666783888997
5.86624551230287e-06
0.02603922410636302
0.543677658202252
0.14482648371834939
0.1819539282961042
0.0010672997498188156
5.957023799262807e-15
0.02902507522899846
5.951946983061345e-09
0.058415652604888776
0.12264423695258844
0.031518505455377044
0.09837119502164852
0.003409458273031299
0.36845638125480995
0.02985599221960151
0.11596584920694893
0.12217695454330452
0.178199364865639
0.026700143797291725
1.925117411653996e-08
0.42386551786863463
0.0935137644136415
2.346563353813172e-05
0.0018798272705021401
0.051687033198717855
0.0033552489822185356
0.013648830059331941
0.04922124024927008
0.11273441905113446
0.18602407727032544
0.18619097620476366
0.05649914566790087
0.22102167118046487
0.23819112588645436
0.050584399300964186
0.059362305103821726
0.0038404432602436246
0.1675773495050454
0.15264313803512136
0.0030687043456314148
4.493079603910984e-07
0.1866216635803889
4.032279980218825e-11
0.06555438104918324
5.249042598219686e-08
0.001104567491442226
0.05043306983434042
0.2762619418561975
9.847382574705787e-14
5.23942725635387e-08
0.3711981623672948
7.220684295315622e-05
0.000568424779435054
0.04869613479555525
1.6365902451047152e-10
0.07833467968391135
0.7005556432384444
0.08449353666259822
0.7040957315199609
2.3829890134210504e-18
0.058949817653617544
0.0025586714087820757
1.1176552522419253e-10
0.005410130451760045
0.04781488061735412
0.29110794038407706
0.10689104108725883
0.059194878697683036
0.1681293000258027
4.5684513679292014e-07
0.1475165885179387
0.020353076501202237
0.13101215806949612
0.01278610196312467
2.9235864235254753e-13
0.17978519946799232
0.02887143499975572
0.09003780099901741
0.13630954260516265
3.1434963555748906e-05
0.10019314361653299
1.1686877361544597e-11
0.019194368775242183
0.010548550173155705
0.10042935328414813
3.8245106893555745e-17
2.724516060133707e-07
0.0004942888035099008
1.0554351359886069e-05
0.0006667804532199699
0.033101079186552154
0.17940841905134544
0.0003306282394264249
0.2134718114776864
0.2874414871655041
0.16840126231901092
0.12691605387294705
0.17561025226994334
0.02508547533807649
0.15324834615538932
0.5578548661928221
0.00020782300545712156
1.4724305241048864e-08
1.8760119232758665e-12
0.1367175881680787
1.2048143264277114e-08
0.13063708960460826
0.1344190621486835
0.033152618703735634
0.28151379498014717
0.05632877805189789
0.536953177481444
0.012157075704758626
0.17825201782962835
0.0005837470988067307
0.02966330886918697
0.0016249072936354234
0.1668596475003293
8.632723761018374e-14
0.13515881184044043
0.18366516166569788
2.543496205695614e-06
0.10750180482772483
0.1790381283593649
0.04524894061037976
0.0017219797895605964
0.0031111807765372957
0.17964340888457267
8.750349997247299e-05
0.0013855400398628593
0.06369712857414722
1.5664645674777297e-07
1.7189684195591832e-05
0.1820616140847153
0.09807981183109198
0.09877412300206254
0.18539637237028098
0.08085896106299519
0.11643958317456048
3.1596118839019456e-05
5.07180805290645e-06
0.1870154996751242
3.2173443645955843e-16
0.41903132963080086
0.42179451531057777
5.076596433672724e-06
0.23040471593460957
0.15223288711515903
0.08927539894957197
0.0520756836043848
8.008083707180507e-09
2.3101877834522737e-09
1.736823620188491e-05
0.010595560371105163
0.022338681724141628
0.08610056728772487
0.017061220606568464
0.094188036103739
0.10990188398482843
0.06262762127699961
0.17866212352249589
0.0014429153748265076
0.000602922831025372
0.4598179417037095
0.001239171823323996
0.10985410498903743
0.0017888806616725686
0.06758839529779297
0.1638816468764883
0.0025537829198673937
0.38072953889530897
3.2186147809335243e-16
0.5249283328143954
0.1384712113532911
1.235209804231341e-05
0.17085579493481606
5.154251275023213e-10
0.14071090104127498
0.1506538686217133
0.12564779943827964
0.09567840330861808
0.0030772721654625454
0.02616004939951908
8.106637914585989e-06
0.03572730102150482
0.5283086093966517
0.600958789119923
0.24752233152499767
0.1705759724967097
0.026115214186270053
0.3670826221210601
0.3142768422655813
0.42965243384338286
0.0004955150791334717
0.006061195813378444
0.32427199797613976
5.395921529603755e-06
0.6096171722762481
0.1821493200337072
5.8058714762751047e-05
8.140068031745602e-07
0.006077815161784071
0.6558164163027365
0.052758191211715814
0.18163550924480734
0.1058492077040772
0.0009513678039756437
2.1963403743049375e-05
0.00014401661030213878
1.7497430960454912e-06
0.000791593425103126
0.28691700136497467
0.1677322907404568
2.3270589973893206e-14
0.02515737790916907
0.18701178827269832
0.05134776514475223
0.08012709607700924
0.018533204883057586
0.0014553491715617035
0.06521505925858667
0.010578819461104002
0.003409973690629829
0.1680684009822175
7.255739495809074e-12
0.12784811164963056
0.0386600678823614
0.09853928405332778
0.026861170580005714
2.4582552300142697e-07
0.6534342474064105
0.610426957948297
0.002483340591340981
0.18382800398760962
0.11711901403478257
0.001971534318353364
0.00041342669778788384
0.013158904775912516
0.00023688039186780749
1.5571765270878985e-05
6.486703110148789e-08
0.0006909958081681695
0.13008703139536865
0.23680354099261294
0.3486461377067707
0.1374940993515432
0.3449060619879565
0.0005857529715857034
1.4429762939357534e-06
0.006710241856787123
9.740800307184967e-06
5.454908668623458e-06
0.020416324123061224
0.03571060339313255
0.001704350063858606
0.10654381406987742
4.600367507328005e-08
0.0838894993823942
0.047033716866244454
0.048955499989589715
2.4062096201346737e-06
0.16434840881409082
1.8728296552131244e-11
0.00035083309393850134
1.439935688068409e-06
4.849928168135293e-06
0.07700732956225083
2.6885295940503346e-05
0.1988379179227644
0.02467838417497622
0.0015294002926036073
5.388601446484361e-13
0.016355670202445997
4.1578776466686006e-05
0.003948999967476785
0.33324704764194835
1.0027529519108857e-05
0.0002484306670770837
0.020447939292138433
0.1778286922909952
0.17890124548391578
0.0008038329649473203
0.02580062122073609
0.0754576041277661
0.04340251330380453
5.84416264874716e-07
0.0004266804387082157
1.3413204241759638e-06
9.178365016127429e-06
0.0013198549522038762
0.000426184359005215
0.11458678475002519
4.492163008409002e-06
4.2526812620531624e-09
0.00017881016954184717
0.07809363650884468
0.18796489000439023
5.360128535586508e-05
0.040239878844840905
0.1793068968207657
6.314416341422433e-11
0.15225164679997097
0.006698400371156297
0.033008606720196544
0.013686551626778929
4.191421595236215e-06
0.054870861613830535
0.0325298768098939
0.1327435476381557
0.11462316276388992
0.00015270343102459372
2.4545167873224635e-10
6.744851828827023e-05
7.544899846384548e-08
0.1550937744032254
0.0030947092821902596
6.124904150842161e-10
0.12022875302102996
0.000128633231557255
0.003299441324781091
0.15034166849068678
0.001236105377084809
0.00010619568067800935
1.5443014091574747e-05
0.03553922258158572
1.1588182555887487e-06
0.00012380925374379757
0.08606466817689538
0.17428973503155026
4.105152067928584e-09
0.03331373744890328
5.6516845920582975e-06
1.810059350668744e-07
0.23065297768356846
0.02969627676878054
6.189110686614094e-14
0.001106988543029886
0.13490276386395073
0.29520942116942367
0.01223291559219886
9.816719051479998e-06
0.13365546454954957
0.0036014627746347944
2.0441895769288653e-05
0.0018442373825812465
2.43061361833405e-07
0.2703421179247892
0.15161190430171645
2.2872269386752904e-10
0.06098523206253927
0.11730379991418644
0.1923638125528233
2.3721158895218508e-05
0.07324125540438099
0.1411731672493517
0.09652337631371792
0.11462886256593682
0.007311101627021211
0.03366876187752826
0.07230420033118432
0.07830650327526727
1.5591333851255959e-09
8.503314159167259e-06
5.235400479415008e-05
0.004158731691807448
0.0969899491394786
0.12605916935937
6.48653876659049e-05
0.023231612002207604
0.123172209559236
0.11020879409223634
9.631686713453571e-06
0.016936958229727975
4.0334758288109164e-11
7.467120805948801e-13
5.701061888695475e-05
0.15561654993377483
5.027857519455322e-12
0.04223677993436656
0.1481002219637639
0.00018889750709733834
1.7990785207455524e-12
1.3354118189672768e-12
0.05926091266265936
0.023537652386505438
0.09115890709428447
1.999859212645216e-06
0.29974304677737956
0.28508994263004095
1.5481894175714906e-10
0.051023160856522365
0.18777906579058987
4.399227699685303e-09
0.00016010143726861601
0.02913335790967761
0.16746803862709292
2.0302749516108135e-13
0.09598197352887286
6.16357521261004e-10
0.0002205324795445093
6.312395077413067e-11
0.03140660575241893
1.5668536394050766e-10
1.0503504237193922e-14
4.0651633654401655e-05
0.1139322689043028
4.7284903344046554e-08
1.0118663411512668e-07
0.0005668749917192256
2.2603840836954794e-09
1.7068917512914107e-08
3.025846363784613e-05
2.6598298771737264e-08
1.7160506189656935e-12
0.0019328802853818155
6.384632624122712e-09
3.175103054943102e-05
0.06673221528635087
3.604503486761571e-11
3.5728900617198076e-07
0.00012408722793144026
0.06453596021347227
3.626617952872494e-09
0.05284510949375788
9.756796238277086e-10
9.132637786081595e-07
0.003364195878920495
0.01973990599623686
1.1719289747346818e-08
9.050679229148074e-08
0.00848348084666239
0.08037847555391962
0.008399574251630047
3.2130369205583425e-08
0.013007222984234644
0.0056548711288127934
2.441642349710956e-10
2.436720645614526e-09
0.0005697994703709841
0.06541731094081128
0.0002219369235322138
2.113328006649805e-08
4.886254162545409e-06
0.005864014058041689
0.030027524101543957
0.005503127870962134
8.554680355775197e-06
0.05150672334283065
7.108560948125772e-12
4.489138596765976e-09
4.237232567412884e-06
2.0528666677354933e-06
0.006027194454120069
4.930467729000939e-05
0.6660993233266642
0.12312903878424987
7.062049018724314e-09
0.0002709783224536575
7.872909344290486e-08
5.031528862007959e-09
1.638721284607622e-06
0.0011076526658505242
6.185356628189841e-05
0.0028587506731271744
0.00030930055472158424
0.7663407936199089
1.5451462550285888e-10
1.177071366710137e-08
6.189938611760542e-05
0.025583187705498365
5.167518273077513e-10
0.16592418981045146
0.02227088293995083
0.0011356683062839791
2.9474895798207535e-06
1.0167546022826151e-07
4.850331405898731e-09
0.02383130472120927
0.038726216540015894
9.057072325971199e-07
0.0007491229212887127
0.026815916123539035
3.3191099180485484e-06
0.018283522028483552
0.001660880417903024
1.316546288162109e-09
1.1520681028279464e-09
3.9081505892845263e-08
1.468379175322224e-05
2.8361313987594874e-06
0.00023529776415460622
1.6550527939151977e-06
0.0034010495271781954
0.7767270813593296
1.2095241797242786e-06
0.010321642732644062
0.04967123393206403
0.0001573656792569137
2.9262662412998194e-05
2.791300879276674e-10
6.718422568250203e-06
8.556275344693373e-13
8.811354221502683e-10
0.10844410608874314
0.14670366273987126
0.000310106115724437
0.0014588643175557105
0.0003740456999784838
0.0004512136161630663
0.179844615514109
3.0965315438800566e-09
0.1702322274715665
9.034149715660835e-10
7.62006433456887e-10
9.581383657024087e-10
8.188410094980595e-05
3.502382122297516e-09
1.502527583837358e-06
0.00020085303173219825
8.437227639456531e-10
0.11687779160407015
0.018358053849306992
1.3302072743950598e-12
8.736509363486636e-10
1.5553517522982311e-09
8.988080624415027e-10
0.7307628400703291
6.979682537286957e-10
1.1958146735621136e-05
1.4191841939657085e-09
7.773762096319816e-08
3.1527296773185913e-07
2.1291916101767928e-07
1.4033457050393144e-09
1.5594958637598895e-09
1.0101029279666235e-09
3.8107005963078555e-08
1.1400245856429507e-07
1.1299521491282237e-09
7.860319531925822e-10
2.01660624936492e-09
0.016287298739354854
0.17954966523905078
6.717462019393403e-07
0.00041597686389977965
0.00023810445021843824
0.06491185546420561
0.0034602144480673338
0.15840414114846982
1.0536476849719223e-08
0.0011922645073782266
0.0439341928790169
0.07271315799052065
0.6390867383197064
2.2914247282161322e-10
0.33357209198838755
1.383475022351356e-06
3.104148607472919e-14
0.0006952772529025764
0.15693978088355787
1.0528654957255605e-05
0.5201390207241405
1.1520666662834447e-06
0.009152115591233554
0.0037747040083022957
3.255199148914652e-10
1.0768146493302363e-05
0.24946166759005903
1.6921487462898167e-07
3.1394588319593834e-06
0.1828274195598774
0.3944001430457125
0.17119713906201278
0.15214736353289487
0.002223092726927202
1.4249457047223602e-06
0.011635158145429345
4.516476861705058e-10
7.2999727391614e-06
0.011150149341906494
0.02316436233040085
7.552574951504188e-05
0.18286554712787095
6.263123904060878e-05
0.43929412194593764
0.34184896517475555
7.39913827876845e-08
0.35376335196602193
0.006464917527972423
0.04162044913184801
0.3378317431380991
5.348295572412065e-05
5.303864440386259e-08
1.5538112329180292e-05
7.232483362036662e-05
0.06888044673617204
0.2795753136494946
0.17414364671968321
0.06728790115872554
4.429657295808588e-07
0.41423375924414296
0.0013409417766650123
0.10601735395659402
0.024872580811095103
9.921810543345017e-09
0.28455972046238553
0.0002012640006638725
3.833735728022777e-07
0.13414145129474048
0.4748458375539974
0.13777602822730334
4.727410473817827e-07
0.10845372467973424
0.18484226671212411
9.605528705304657e-15
2.094316047579103e-16
1.3680361171043503e-06
0.15894212901402283
7.992237729130215e-09
2.1911850757308278e-05
0.5026020141903277
0.09550175165901843
1.0873917555271021e-08
0.17766103123318072
9.74156429266326e-06
0.5264537998225239
0.0027782528243531536
0.12045159493875006
4.4182060029853917e-07
0.1143163925154371
9.047604526336547e-06
0.006000105575163328
8.99473378210009e-07
0.08195468741272723
0.30961246842280066
0.16512790707924915
0.14522812085217904
5.93329469343224e-06
7.088623105088212e-10
0.05723797186547954
0.49941286772781135
0.0942752167149139
7.397908473531688e-13
0.0014047627212338833
1.6221325037091872e-06
3.069084018310304e-07
0.04381176847365845
0.11368172652183677
4.058448295041575e-07
0.014271545995500857
9.423854603127069e-08
0.5151399779089073
4.239175490852553e-07
0.0008641759901996487
1.570446875507155e-07
1.5794489931304965e-15
0.3723710853806557
2.0907513092152204e-16
0.5908776209919494
0.0013232367139915406
0.4607598194205815
0.6171043587791142
0.1798479663272479
1.946041977483037e-06
1.475217217862447e-08
2.9834428538602857e-05
0.051180003860449116
0.07068911893562414
0.012254618710727532
0.0018607335721212192
0.17169052514669828
1.5028957921963742e-06
0.1452914991834467
2.2022921519170146e-05
0.5460387066553666
0.0002343904483338768
2.692057244262175e-08
0.04130132917878326
0.19457371005222882
0.168837994348974
0.6030000341281274
2.2721000483434617e-05
3.8053183685680183e-20
0.24413287276299075
1.569665716288952e-10
0.21181365517098097
3.6230940547757584e-07
0.22862153628575863
0.0026691733172887772
1.020994311777314e-05
0.45848790589287153
1.202397817443529e-07
0.3930492280366925
0.00022742864460318415
0.21088752020311194
0.18828731960037542
3.633280422285282e-09
0.2555643372838944
9.773575371318567e-10
0.1805228115456897
2.6058726315839765e-07
1.1740802060895633e-08
0.00040482386931801797
2.5921242558235597e-05
0.05902119796437444
0.00604352400744518
1.8022245927706466e-12
1.079144336016658e-05
0.0337743795267529
0.0014929207116499126
4.8697950423819966e-06
0.018421329918433368
3.97768043542606e-07
9.78218687108919e-07
2.6605844887718254e-06
2.7630711860429542e-05
0.019991393150586362
0.21826404042121542
0.08996063586139896
0.12076553433621916
6.174890737418005e-10
0.2608701033957418
0.006613244148285449
0.13436047989720334
0.018060347527867882
0.07228861468396366
4.7280894813286835e-06
2.7949934612137316e-06
2.496411650215767e-06
0.14481602587546935
0.31118939274707663
3.1462267857875472e-06
0.21638599429248143
0.00253730072374499
0.00015973908030057367
0.0011116969441507336
2.1202188752113794e-05
0.00023127704967118226
0.0005654218091276009
9.176916241093975e-05
0.016264325987127484
0.023763292265989954
0.00044967969493384916
0.18889988851113623
2.3889825547144054e-05
0.14431447091114535
1.9310103589137642e-07
2.530584796643178e-05
2.386982548083426e-07
7.913497619676456e-06
2.0144006874503516e-08
1.0624285210917066e-06
0.6124487772788076
0.020691743108756638
1.1651843418720933e-07
0.7497796428170717
6.841026482111819e-05
0.03494548825200218
0.12428076510628593
0.000600855546580526
4.0527315883920324e-07
2.945379456428329e-06
0.09704824184849614
5.270939183716387e-10
1.2743997350745094e-07
8.245421035408061e-05
0.024271932500156773
0.03922848334083505
0.2310902794273918
0.20499325218845757
1.7506651808271526e-05
0.0016333806508979768
0.11250316599630499
6.318299997308416e-06
6.234654115588933e-18
0.014037075509968152
8.649804814045351e-05
0.010673011481085074
1.8682347922571323e-05
1.4338481049781239e-05
1.6425115471252526e-13
1.4167215926258156e-06
8.272216639536236e-07
0.12216722159343069
0.2578415431784057
0.0042802482207548375
0.015743043856593596
0.0013529099031193744
3.327747884316511e-07
0.1833236764641923
0.08462572415273537
0.1611785577459299
0.04524801681146039
0.06539298881541056
0.16674171467028567
0.08733010924802584
0.00015315606070810794
0.18789341615821997
1.407176019004157e-07
9.242731485627464e-08
4.798167704554565e-07
0.17318228007620448
0.0035644083030970746
0.07686622836848331
1.0521392418064827e-14
4.171997984397945e-05
0.18058784405480502
3.975618856903188e-05
0.014062359709642983
0.0032807627002020235
4.670962095261269e-06
1.3583155693966095e-07
0.185644934389532
1.971095362777576e-06
0.7857505642514238
0.0004282365262176878
0.045492940666516817
0.08512724834565748
0.14750439621029804
1.994336776152067e-07
0.000797502690548233
0.10815707401215638
6.734040831606608e-06
0.0011894281990226282
1.003742580711177e-08
2.882493898422342e-05
1.6615655664021106e-06
0.012219691426631174
6.374440650864713e-23
1.1100076389734447e-07
0.15953549404658368
0.4090041804630422
3.7250077566855506e-08
0.32178332301484186
8.493252704894098e-07
0.7642334435163987
0.15591578383791665
1.1950935418282891e-07
0.030707743930783224
0.11988373279460923
0.0016994104001684853
0.0037814732660628654
0.45613522816720264
8.420188471613633e-07
1.2188745735805408e-06
3.5775139398902606e-07
0.6909829576781124
6.370235257512333e-07
0.5815766799591067
0.08149625367336118
0.4842858704101396
0.037221327674583214
1.0750837472995173e-08
4.1542454791056473e-07
0.03660964576115127
0.005587698162605547
0.00043460430418854214
2.264707348377888e-09
5.904949375304288e-08
1.136200670453856e-09
1.3688709962459016e-05
5.253039972199338e-07
5.284841456912489e-19
0.002465510150009348
0.5321512067164718
7.424454330258186e-07
0.3340738230082826
0.0019792526883128793
0.14054346707159615
0.014197803202284583
0.049515385374141845
6.301323877363039e-09
0.17412782328164375
9.650396234821654e-07
8.62551736858725e-07
0.007499926025518434
1.0129488801386e-07
0.00010827824393903782
0.003955038588165623
0.1079879139077614
2.6625987466828854e-08
8.83003492976507e-05
0.144391767039005
8.486735509692087e-05
0.00017642584434666685
0.000779843509679722
2.4412506014591104e-09
0.00017092786887422574
2.1959145929924727e-05
0.06626375597146608
0.20024837882713126
0.0033076777045561974
4.0740628001980916e-05
0.06694611298747456
0.00015115145711599596
5.564761508658921e-06
6.199684692755824e-14
0.010613588880520641
0.00022464676333481593
0.5445559773239756
0.22857090757250634
1.321697489507982e-06
1.1332669299836634e-06
2.0355989696046866e-08
8.556813769343952e-06
0.00020644752280158507
2.6020207170232474e-07
7.985138150374334e-07
0.038842218330649485
0.14613312179682456
0.00020172466412143457
0.21969684396341904
0.0003272970856635153
0.022556139212605995
0.018110797389117004
0.008642880410022662
0.08742906047824682
8.642878560553188e-07
0.0003359933754582809
7.276431597692039e-08
0.022212965714155715
0.1036768960236717
0.0016995564636894263
1.5562915229754195e-09
9.352509780319652e-06
7.403444806221094e-06
0.010350088565725753
1.961797424658048e-09
0.519285606451073
4.524927943645889e-10
0.0029580015531903195
0.000635514507825743
0.22933749746808227
0.10429634673717979
1.006704295616762e-05
0.06991500675755863
0.16578218590831084
3.241632197680845e-06
4.1828919671149165e-06
0.0006062269356662102
6.049331946570159e-07
1.9927246369569647e-06
0.0005971706853016412
0.0032052415178452937
0.013181748821763584
1.23231477135372e-06
0.0159845069257203
0.0011384682328381026
6.118190724941318e-09
0.0034459724423072467
5.790453530810265e-08
0.03695818592973011
0.11631575114228233
0.06446866776938982
0.16175364966150718
0.013072343068880242
0.10586960341188896
1.6705788658672524e-21
0.18117720105372098
0.1545891818243314
0.45829203197646096
0.037813487494924074
0.2282848602639186
2.606678760013813e-10
9.9417006776772e-09
0.0010407578880294926
0.006908045597139279
0.0010333331646908933
1.2378507890170066e-05
1.0160659090992879e-05
0.08412477582820103
0.006770239188374322
0.0014904231457339406
0.12098670507221093
0.16365239790778252
0.11525361520415178
1.3830457072208774e-05
0.16379552074428946
2.730001101663495e-07
0.18119030135325936
1.8671380956092426e-07
3.4083952078980906e-05
4.7150271920566424e-08
0.015752659635128074
0.2158176598800955
0.12883510693665343
0.012000124391190563
0.03538351748992458
8.157304266501729e-07
0.024081703800111418
4.822215040338926e-07
0.0017007937443184516
4.296834482751987e-25
3.4081958071495973e-08
0.00018934783478196087
4.778885013135692e-07
8.630310747699955e-05
0.6875747220400322
0.03008526956513533
0.09753712818834924
1.9887446017011963e-06
0.0015984749823374372
0.12454353723848477
0.2166108285169555
0.012458709387070586
3.515531892170446e-06
0.03855317574934885
1.135409516606966e-09
3.7032788269172894e-09
1.4361900832102442e-06
4.837970626406281e-05
2.132570009374611e-07
0.31062216490325306
0.06392873262511366
0.23681220146981585
0.0024734072312990246
5.9044136161363826e-08
0.08589496888050449
0.008690640946939965
0.0010935583535849308
0.1738281447486243
0.09643339798787066
0.0039610441065345845
7.418711735111186e-07
0.2383375751404871
0.0007812099204201129
0.24584237822518865
0.3740321792355897
8.307021406873097e-06
4.023028987912328e-10
3.66374578768047e-06
2.1670799320743483e-06
0.000424338141519511
0.11298255500225247
0.15276973001004263
0.18216664068169047
0.0002954580250177216
0.03340950073620263
0.11104781398219311
0.021549244369396675
5.902420705407214e-13
5.665072087431878e-06
3.095453603627128e-05
2.58203637508874e-07
3.1996837287441933e-06
3.008475441345975e-06
0.012768433314838887
0.18035695835561513
0.0014834601347722678
0.003336344176012969
0.003312161400477404
0.00011464495850365554
1.9859435460940325e-07
4.627942220100983e-06
4.2007096266402476e-11
0.2281047474937382
9.104460619117374e-06
1.230367687086777e-06
0.07104009835247904
0.0004085352963819902
0.13229272226052824
0.19607846491060285
9.471066731745113e-09
1.6342689362742847e-09
0.0062723292485464275
1.7134526800351567e-08
0.012914997706155996
0.18241564981821345
2.146948437478673e-09
0.15299265169618234
0.026130727160504522
0.01785465998033129
8.64209860355089e-09
0.1430142612171368
0.28399251770350226
9.369996140413368e-05
0.11197400242780728
0.11659199400428495
0.03576137644451149
6.5580631497324235e-06
0.06953454964335742
2.4318807268815444e-07
6.853469488200731e-22
0.11289369431662187
9.265054230710741e-07
0.16795256882536005
0.018219566702370384
0.18813698642294877
0.15139455066586494
0.023788231415770276
0.030257525391195098
0.06566970999706782
6.34780704250266e-11
8.092902377238078e-10
0.0010877220217517844
0.14479866024670127
0.0018178893618656688
0.0007766042250512427
0.00086814069487108
0.031368953618942846
0.03651500186863846
0.15214897703125566
3.5820669314800055e-06
0.08873669146366629
2.8238255165963745e-10
0.12927017524700848
0.024476974078875353
0.0006892255848750081
0.1736110552693978
2.7386454645162253e-07
0.0067881404778958486
1.4332345119931136e-06
0.11290177653400368
0.2005145983418633
0.49659879551884784
0.0038431641031083565
2.1625479467702817e-06
0.008892965745790385
3.193007635599668e-06
0.16012657882505105
5.834199033649468e-07
0.0004355089094543059
0.0021229844269656513
4.7262647987888245e-07
9.085212147067478e-06
0.14152116934926576
2.0287628026478375e-07
6.12655506108417e-11
1.4677800712999448e-07
0.014313983639606372
3.0192889565213986e-05
0.15091542223542267
0.35683599541784683
1.6752473495435962e-10
4.0158143227773e-10
0.33900075372393135
4.61827320992801e-06
0.33141766355294755
0.09003155123771245
1.3818112974409336e-11
0.012370228110139797
6.604572485043394e-08
6.998420958296461e-07
0.024390853994814672
0.0073106932392046076
0.00022137307699803327
0.252983669199776
6.434567530339113e-12
0.002491981152025336
0.5746285406204824
0.13507655186808296
8.570726377311614e-13
0.016243736906536892
0.16911922751378547
0.4397746387528676
0.15765881672596063
6.544311500098686e-06
1.6396581216299192e-10
0.5888747730453436
0.02532774666749305
0.020696105600799534
0.09788228474247947
0.006615462892872218
0.18461744756915419
0.06259145154793543
9.283203017700603e-07
1.9579165048183613e-09
3.2739025059783755e-08
4.3507804743031917e-07
0.13207307715707475
2.6020982120382903e-10
4.353443794474499e-07
0.005879458719699226
9.331864239255574e-06
0.0030979243664436785
0.0025161599995558
4.7058500649069076e-08
0.7716706880860003
1.246587636995819e-06
0.0008276212268892899
0.7157069268541554
0.5607964425554074
1.3933526523015971e-06
0.0413690217056322
0.5615672666569204
1.234527705281954e-07
1.7551003485415214e-11
0.012897263173526392
0.0006882233012813784
6.125192844180571e-09
0.0009626491392306898
0.22444342482503124
1.2113841389202068e-10
0.0003628342964469436
1.5460901489099333e-08
3.936949909191674e-06
8.416882974462582e-13
8.723578038422068e-11
2.024729536804075e-07
0.2602715356014445
0.05110129712770388
0.16905075135968375
3.803816575343904e-08
9.630925472310175e-07
0.18040910000695376
0.016453713793502293
1.464889149804752e-07
7.79310562517427e-15
2.803347365725669e-11
0.14717776896897325
0.02270714995806052
0.0008248400111748524
0.01192621054503634
0.08209456775903348
6.28896847620097e-09
1.3585951824664781e-07
2.0576956675909242e-05
5.802939226667346e-10
0.07118605046300663
0.01046284576193796
0.000707548439136756
4.193164562443332e-11
0.031009866932440143
0.010060879772203194
0.0008273274023757366
0.02575169478142991
0.42136947565054356
0.0807241023073687
5.890566917704539e-13
3.6406008919938875e-09
4.213177446104519e-12
2.1337669455530084e-07
0.008711363152219266
0.012021671152639806
0.007367971652212653
0.012213553160942584
3.416010173073948e-05
0.40361584165747455
1.5463658184550862e-08
0.005631118552256424
4.3662992288343894e-10
0.018826122993080403
0.009991850554900705
0.023071717359408644
1.3319662648087461e-15
0.29203729106774623
1.678776714127726e-10
0.3569558368545359
6.115456251871765e-11
0.04753093586736688
2.4633530111675944e-07
0.1906660742106055
0.01341970948084168
0.1873203788982722
0.3184268702086702
0.011939556250724353
0.07630011579819398
0.2234135319261217
1.3425689723875104e-07
0.010663476627212549
0.2583908073879311
0.006844318122274146
2.4118742338211097e-06
0.0004253938822170479
1.0318517139103263e-10
0.06604170276687873
1.2091395884029385e-10
0.02030883172923541
0.015462361627231316
0.25022567334801654
0.23655359649072957
6.113354723219178e-10
6.617594488014596e-08
0.014245871089710175
2.2976896062192608e-15
0.019489270324266506
4.401318626252319e-14
0.006510624113648591
7.780420198336981e-15
0.26290753514593784
1.154191586222758e-15
8.707648347294229e-11
1.3961877686052152e-06
0.045509208655525976
0.00021991136108905527
0.00533051223798009
0.041107957450472445
1.366233064813457e-07
1.0960418015513016e-16
1.0068166071241894e-12
0.00020354993456154016
0.1400513267413488
0.026391353155301212
0.26316036030932594
2.4799510371409115e-07
5.813340749089493e-10
0.24811668768637746
0.24286768648414997
4.921412662777549e-15
8.263143360054935e-05
0.2118762188689438
2.717495008786e-06
6.872659921149255e-07
5.6715144662583354e-15
1.5483312602920544e-06
7.215223017654228e-08
0.7545355468280595
6.921914562064387e-05
1.105159676403395e-05
2.8081751417303886e-11
0.015087589892330838
1.102012126181396e-17
3.1954582346335303e-15
0.00020401857044056678
0.5513956709305983
2.0685526495691867e-06
9.331813037151564e-11
9.390873758779565e-05
0.003849804215810507
0.01474846932548845
1.6353796332304318e-17
1.2335760214519026e-07
5.029995808767844e-06
0.07605742274800607
0.11516611205173928
0.3258462487175646
1.891514607371115e-15
6.339436427566567e-11
0.5049461683144018
3.968588278138685e-15
7.921278860024017e-19
0.16893861012344233
1.0334932086341665e-10
3.2063085262347824e-07
0.003160100331281277
0.026905340725222035
3.748426839875984e-08
0.1747616878131502
7.012681354597149e-07
0.010680945157892705
0.1821567422543622
5.242470632600739e-07
0.17002082915425773
0.019967057206920654
0.009275743755930982
9.526523053507064e-12
9.349667267270452e-11
0.3953498413584649
3.754289408248004e-18
6.423232576008301e-12
2.2934183117772705e-15
2.4453205187322087e-14
1.3600308367317079e-17
1.8943039772677042e-15
0.5016341892400437
2.474582004236206e-07
0.16325380763209632
1.6354622755756757e-16
5.355587387316411e-17
9.543426805068737e-12
1.7584909946074832e-11
0.4410312870356369
1.569219145733742e-08
0.012781925875506136
1.330124688553736e-15
1.5661656700519697e-08
3.1899983324448307e-15
0.08178128902003483
1.796898579753007e-05
3.683363648558736e-06
1.4448767635426373e-14
1.0098333366861043e-08
3.743335126473382e-08
0.006245446587434535
3.961855472357196e-15
1.6249415597847373e-09
2.667457421823809e-12
0.000971882389329988
1.1723599480172532e-06
4.279343891847215e-21
6.879601030239426e-08
0.00210830319142699
2.675124376855341e-09
0.0058934842044488876
0.0013696027680092484
0.02077714930073769
0.01523482441816091
0.007788773801408741
0.002520289942559698
0.18923847877294325
1.9670439917885085e-06
0.0007923653520586817
0.003407600661807749
0.0007596573630408739
0.007077220032617173
0.7796137580562703
0.001360604424072842
1.7703767080367544e-11
0.13336761651298554
3.6476190786270827e-09
1.4170936076416746e-08
1.0998736428754961e-17
0.25890963880349
6.662372412013188e-08
3.942523848546072e-12
4.3747148089140055e-10
1.1731060671686884e-13
0.0036927134598128304
0.0010563671668135262
0.3359623838023467
4.1085387181445106e-19
2.6394174070553584e-18
0.7921473783083282
1.3577761280227176e-17
0.10664598214159939
0.07869736584185733
2.548778825619939e-07
0.0070335810031910695
0.00994880155353177
6.546859559379919e-08
6.901227906813434e-08
1.5515245276608814e-06
0.0022520882690586427
1.6281220412963504e-09
0.004841964775233113
0.0007022962038998974
0.0006301743228190274
0.004809748277297529
0.7755933673489867
0.7310741881883704
1.7735729012360616e-11
0.012052278921495563
3.675687205740982e-06
1.5582916815261344e-13
0.041114231818215476
5.028112897002531e-18
0.017133252352554088
1.1747504509166813e-06
0.19386778826475753
0.027312728726521726
0.1698959765662988
0.021046205868942444
1.593723870661057e-05
0.003468910807549776
0.17460562088756612
3.405119142158153e-08
0.10637443944161909
0.004560522757986317
0.24826013342791275
1.561052609507283e-13
1.8950941584242054e-14
1.809787124994307e-05
0.007475502390336862
1.9509936155347215e-11
0.010207158274929375
1.2271934582597301e-15
0.019653976704978086
1.7203096502456215e-23
0.02019504648471042
4.716158529260655e-10
4.22055625179716e-12
0.6339247279568666
0.05924379947576159
0.7285916432002775
1.229290499041758e-15
2.8497935226544203e-20
2.089425799688719e-21
0.009997975543971678
1.8918147833436477e-14
0.031248391857420326
9.231791189365312e-10
0.20758523136205165
0.0022395644601686973
2.4496273051963383e-14
0.19924267517163227
1.0667255704437438e-08
0.40999505549314696
3.7490374461984406e-18
0.013351655082452256
0.021170699152382448
0.00258904644382739
1.2524897975085423e-16
0.20759823505060027
0.012844078691895303
5.037645144369085e-18
0.15251479251990344
7.85900883799819e-06
2.2243029610282674e-08
0.005595187571392533
1.6382319655355916e-16
0.00014494659514568078
0.005638054906208539
0.19061879624534844
3.0836932558448577e-29
0.007614684679994876
5.76129397181312e-22
4.989213440608762e-05
0.08214897809621399
0.004098807202589388
1.6133110220932194e-05
0.00015064005651564856
0.3890740927739226
2.723137552519121e-06
1.134318378014467e-08
0.0022322018678798024
0.18421754824744171
0.5141271311030867
0.18572895721841426
0.0004422789335452971
9.338214555378442e-16
2.609420826950376e-07
0.15115005775489218
5.098721812869093e-26
0.008358482236038215
0.6986989685747514
0.0008503805928138156
0.05512169618981478
0.001323003514274355
0.13087597822306957
0.32526110197191266
0.19338670062325644
0.6375797292099674
0.3422522447579227
0.09411285166840914
0.005396104340895676
0.10990440998578113
0.19011070692217866
0.00014954039172409498
0.16789571626312236
7.987752754741107e-24
5.00037115905559e-05
1.1519534723761378e-11
2.4019587001451766e-10
3.805359096784082e-13
0.0011225734495495252
0.0001681559679410272
0.09419218692896103
0.008528049724694706
0.17408121273732022
7.453920719680853e-13
0.0066441052007997214
0.1916468164226514
0.15872494329085096
0.27521609218011533
0.004221594158638741
2.6802377705847522e-09
0.4778974081945429
0.0015340875629420007
0.03968655104826057
6.937332947003081e-05
3.853298766713504e-09
1.2552322796632625e-16
9.688073684567278e-17
0.012942634047047737
0.2014205999797705
0.41631307226999253
0.00014988827021723003
0.11229597427356915
0.05845910616625515
0.33052400673830395
1.920824355736942e-09
1.4423769261986307e-14
1.348873335628081e-09
0.5264691511569648
1.008621558170577e-12
0.0006137568029573431
0.004439343009460811
1.5863859361020251e-09
0.112722770070564
1.924458798484624e-09
1.1365127350425642e-08
0.2756757966843117
0.00010717415466313808
3.280234574734263e-08
5.519183753740568e-09
3.507289724167707e-05
0.18975131274837287
2.731818680800799e-07
0.4624362389868851
9.350553771242156e-16
8.009990716512734e-09
0.4200489642828638
0.004911540034483582
0.49593822782291525
2.68712733787147e-11
2.0979497657827795e-08
0.18102461051402066
0.00012968916483428654
1.346353306964569e-09
0.0005391233797522142
0.00019986637153628978
3.515243448211709e-05
0.0005616914053963643
0.1329944258131442
0.19685259676420525
8.336374125599788e-18
0.2011093674103768
1.639287321669995e-13
6.223535320943169e-07
0.005007038724756509
0.06774955707338812
0.010482035401909385
2.412186160533986e-05
0.0014700177497776867
0.05143646602127694
1.379338672153605e-11
0.007722827902431947
0.036243763691818
7.646053604899789e-11
8.025311012109447e-09
0.15274202316990096
0.15063253555893463
0.0019721500033358704
0.2320512533667618
0.0005422722858906176
0.5549447629344378
5.353126814987111e-12
0.00045908972866634285
7.485433223491208e-05
3.7986669435530793e-13
9.278540825287363e-05
0.5505613184791311
0.43258485165337734
0.7190018495087303
2.4065551612644404e-05
0.31649446143797033
9.214759722528542e-10
0.07556643781579098
0.6534494329926283
0.17951524885948936
0.0001074306542618543
0.6150900445034048
0.18574604871415604
0.21696098753640783
0.7371767713580045
3.949621485784207e-12
0.1957464798959087
0.6984625697922091
5.099728686231876e-05
3.841452213708581e-07
0.13870080593611203
0.14837428357746382
0.007904836636334893
0.18184698433126198
0.03841109596526578
0.13462726812952114
7.50391786993341e-05
8.283057225594169e-08
0.5202368785409054
0.001394788449286534
0.0006680224851691396
0.576608117943737
0.16289898966284685
0.0020287355208114984
0.1526024243131275
0.25667244500966235
0.058068562521725896
2.426169902020801e-10
1.6094394305275373e-05
1.049173878390763e-05
1.3176087963820713e-07
8.677774792544783e-07
3.392309795209742e-05
1.0339751536958743e-07
4.593917582286089e-08
0.00010336860470170694
5.362859132175328e-12
0.0001578680008913651
0.06939856407241782
0.3899944029485809
6.999755232245433e-06
0.3198915349281741
0.1512507328497166
1.3332540449710508e-12
0.4209774955319539
0.03913208553047322
0.5902461191415261
0.5174462437592389
8.3278283389424e-05
0.2270221683301983
2.682206917477424e-11
0.6262390261430848
1.0858795213634508e-08
0.0005904767706629117
0.6179479163093433
0.00040142023268942864
0.5657260846171508
0.0761152608086694
0.06641783685829442
0.47837523074993954
3.846899720356164e-09
1.4505544373425135e-11
0.3792519187464028
2.7372321878470955e-07
1.2706119209884298e-07
0.0036452689474502017
0.002062753596108063
1.4532929491146617e-11
0.00029380109989248805
0.0003437178660783632
0.005844441889023379
0.37431245157174187
2.6430363115232845e-18
0.04212457353435779
0.0048615621250387925
0.4563630131243
0.000296623922847028
8.927462392639809e-08
0.18194270681458538
0.0022526324863772003
1.9714099658690815e-12
0.08914177386788824
6.172998671008175e-11
5.519184482549815e-05
0.005330200618022818
2.9627861047705424e-07
5.7091899474745276e-05
0.11414426701374225
0.001083970134124999
3.5256930439697073e-06
0.0004507735480974881
6.501674817032977e-05
0.0002784516863590334
1.6525778948490723e-05
2.178308229209282e-12
0.0360828679309643
0.0035775198412632907
6.813173688654495e-05
0.00013917676941196968
0.08162839050640837
1.954532924425383e-11
0.28507987738151724
3.222519465331516e-13
0.00037823565532211476
3.5312095978936275e-10
0.13338478849613147
2.95042218329089e-07
5.1129088628450876e-05
2.8346956679017628e-12
8.660144295819187e-07
0.00034933137633637383
6.515569436757994e-07
0.07251233320724718
0.0004013062922599702
0.06809658728864994
0.00026317801940016917
6.861275976261436e-09
0.0001517666537122796
0.05536926533621986
5.398005860637187e-13
0.329945027832444
1.8882064738353166e-07
1.6895739130147902e-07
0.035865386480335576
0.13100531137310809
0.4272506610260776
0.11385089583644338
0.001197437382541793
0.003822792115291229
0.04794983098479748
1.061840116791913e-07
2.8438301376016958e-05
0.0003216481217421246
0.11104722375480643
0.00013012752923947834
0.00019899563103116354
2.6879693534238124e-12
6.528536493125421e-07
0.06343382654794935
4.289822736674792e-07
0.39699748125369877
0.18143209673533148
0.05722609247411923
1.2681648277812043e-07
1.9748490122897483e-12
0.34506004832121656
0.5041716063122619
0.27094709234317127
0.5220220329706747
0.04441160890717879
0.05215567714441912
0.7091553103247756
0.17418882476943112
1.8918934832015284e-07
0.04888687543860946
2.726546018474172e-05
0.5888256156526342
0.06126623722893117
0.7449748101051854
0.11100994816951837
0.09496782837197228
0.49533766737535706
6.835275127923817e-05
0.5776273731796725
0.04555750300803686
2.609688840065609e-13
6.626749210872537e-15
0.07332287304092126
0.0407321104597659
8.267437950818443e-08
5.3529800127582634e-05
2.8296322595893207e-12
6.23597595031657e-07
1.948967093409502e-07
6.872523113386257e-09
0.042454795751312155
0.305226380770211
0.3531233021585448
0.21431892705313382
0.036945052198515696
1.2468799168193768e-07
0.21656500018032881
0.27021223117880333
1.9526691605118198e-07
0.00026248958388814397
0.00012515944064313888
4.3484924344000213e-07
7.699438849517571e-08
4.357143095506507e-07
0.08604743086567189
3.1133311118521884e-05
4.408259960266046e-14
0.1182670742820048
5.1264340956151505e-05
0.049141421758753655
1.615747733043594e-09
2.244824834643034e-06
0.06622044717606729
3.252029067638035e-06
1.2491687214198815e-07
2.956164486816393e-07
0.054822495449005755
0.00010369600176980951
0.026549376506416686
4.361088317152334e-05
0.20211028821645305
0.06556589455941371
0.060362499866653305
0.2999033929634078
4.305164314085154e-07
0.00016919297340231226
4.374775125486312e-05
2.605719575277137e-13
0.0010322002989898618
0.0628634597017136
4.6592014356142504e-23
2.7189219930935355e-05
0.020022508910299636
0.026893363996646342
0.003905216303235204
0.006213754070282205
1.6497458362504458e-05
0.00058296918734649
4.0485399842629854e-12
4.298115177336232e-07
0.00026214872427349656
2.151101869155308e-09
0.00013065930325471267
0.03182351198374214
8.264335955511696e-05
5.5155277037532e-05
8.294197013200937e-05
2.733536497930093e-07
0.22449994640175497
2.738486520114134e-07
3.2187750591774006e-08
0.00011458448287002698
9.363053861877601e-05
5.2770760192420275e-05
0.14353175059922263
2.8037768698033825e-05
0.17738211239268095
0.13183218756034268
0.13145816146350423
0.17812205544026352
5.513229084960948e-28
4.310260481324995e-05
0.18352497305585877
0.11940927605811329
0.1843286227936864
2.149046228598291e-05
0.16462186065201348
0.16835410636774287
0.14419595089260548
0.18284308909603655
6.532451352853927e-07
0.16447394300252582
0.0001601417500889073
0.17724173978748708
0.1901288964699592
0.020173222716933798
0.1639234331509635
0.14372663399033425
7.686530477121929e-08
3.9877463906393464e-22
5.330426336361636e-08
5.992328227811903e-13
3.0853781039651055e-07
6.698483370686321e-27
0.11884798440065206
8.209687124219308e-05
0.1788165155980643
8.460707358717848e-21
0.1651759736421232
0.0002617993685614072
0.19922000014045282
0.00015093518755431314
0.1745101259716694
1.5809798339644497e-11
0.00014972913501885425
0.027654457468965946
0.00012245603177282017
2.3739473616578254e-10
6.410917007165131e-05
0.004683469652905788
6.226891970299213e-05
0.0003030280898209148
1.4387298079270459e-05
7.220088262347112e-06
4.578493089112273e-06
0.019898228581189965
6.450071852158768e-05
0.1668311523806832
2.5283211265344588e-30
9.00423633722016e-11
4.666339682402861e-23
0.04487496834345
9.402469148183434e-05
4.539908183665272e-07
1.4966284000703697e-06
1.920362478498223e-07
4.1054295429622335e-13
1.2627593222331254e-07
2.3713482641610875e-12
5.6235675974377357e-08
4.412880247026934e-05
2.1318264988745744e-16
0.038753256360812005
7.056258573481244e-08
9.654774955431474e-09
4.040032569135994e-12
0.00023790281583921036
0.027318765322865726
3.643660320012191e-08
0.13385923217381615
0.1673513471451262
2.2183490505861264e-05
3.3087116218453934e-10
2.304749926758986e-09
1.0328135695296553e-06
1.0985607622643667e-25
3.491580029372168e-08
3.863201144191568e-10
0.006242427714642709
0.08595330968480883
4.4516782901746145e-11
9.297136578366256e-10
0.14771046219885706
0.14981160934488472
0.164211962247114
1.1051864404215714e-21
5.779149075709288e-22
0.21247456832555597
1.6073072729936657e-05
0.2615890469317864
0.17833315480294715
0.24380960208943475
0.18461191935529492
9.976476961926706e-07
4.0617127893766147e-07
0.14581355337270638
8.755160941572572e-20
0.16471651381981456
0.010441071552377728
0.09470998433243447
2.067713604332584e-21
0.057247963493000015
0.06722784733987851
0.006139137453053723
5.539974588249322e-08
0.07855859416299105
4.522133020279747e-08
0.10165643855926915
0.00027593421079334245
8.432558622971096e-10
8.450416815927209e-21
9.555678033034225e-08
0.026733145805402748
0.0018460678757924673
0.014038012709223871
0.1453532194604558
5.678496444115667e-15
0.010005337888017388
2.0900556547783922e-13
2.872482415915541e-06
4.292332916138048e-12
6.010757006137814e-08
3.983503801345823e-22
0.014061429836366112
5.517818863055922e-28
4.546205782965359e-30
9.849980892067564e-05
1.3295521782630038e-11
0.04475822915228339
0.031178975005504712
0.041501125935655615
2.3619967027219445e-05
5.850676488398705e-06
5.356659257416855e-11
4.113176026019014e-19
1.0969399248604931e-10
2.972906989003325e-14
7.210307651669178e-07
0.0022193921955245325
3.1477184587786903e-06
7.156432419921059e-07
0.009505996823551011
9.95742604344109e-18
1.0702490013515773e-11
2.3941228511900594e-13
1.2158830731411131e-06
0.03019272242542296
0.00341913058650151
1.639619837261068e-08
4.75754840721426e-08
0.034604028935642885
0.013410992382215908
0.0015318432408267765
0.0028963216350558637
0.03133524510634399
4.646290386342536e-10
2.6336656533143646e-25
1.4985048691278342e-08
3.8552562183446594e-10
1.6105109213892834e-09
5.862416188789031e-22
1.0897949864082605e-09
1.8794680640754713e-09
0.026572928464138248
0.026230513018113393
0.018298592756746335
9.864032858443383e-08
4.431372220063751e-05
4.533603353356151e-09
4.884704365407203e-13
2.3929162588904697e-11
1.2664186118333892e-22
0.014396103614927123
9.717876034421484e-14
0.0007732428412210777
0.0014544096163454495
0.17895337728768215
0.146347647774911
6.403050379069981e-12
4.2786130468821227e-16
3.912176627198826e-15
0.0013520187355584266
1.6924919794190427e-11
0.07565725484823953
2.858086465616045e-20
1.1261323483579265e-14
4.6249576394415586e-10
0.05134530481096847
0.20179664779472875
3.666271123952013e-06
5.457502818097666e-09
6.67672562533321e-05
4.60780024505106e-19
0.001623566418042744
2.799153649778672e-15
0.0008186135184187236
3.7051097371496464e-09
2.85450450135071e-20
2.214633337129859e-09
7.832205158796864e-10
3.0590776850242394e-09
9.257787484908147e-09
6.629033397601037e-17
0.00037364401013642974
1.1093157466484529e-05
2.271317678378594e-08
5.851268344729323e-09
5.373377769036699e-10
0.00023854164817801895
0.15837367029216992
4.7825292490142464e-08
8.151121783801862e-19
0.1777722966561774
6.532749182266919e-16
0.0006794821224063119
0.010788468391588694
6.237998119048621e-05
1.7036011669653168e-07
0.053022751569357984
0.00019790481571901487
0.040253517191053016
2.8555290104559328e-08
0.09994906053421401
0.006169680846415633
0.15810929186058065
1.2720037553802282e-06
2.4721299502451467e-19
5.18639296647062e-09
1.5172376402901535e-10
2.1330468877964488e-16
2.633465684723497e-17
6.016879663784471e-16
5.348182734779827e-11
9.62204523781869e-15
0.11276712103983282
6.313801639567573e-08
8.332559063216864e-16
0.01569551278179195
2.7240234464356137e-05
0.027633939179628288
0.00373975217683652
3.0387016345667786e-10
2.0855825097207687e-10
0.08224530940937838
5.62113638162744e-11
3.0537595935338643e-16
7.647666631790622e-07
0.009084009407170076
0.0025000561641348503
2.6674010361061964e-06
0.125445471844635
0.000250098780037237
2.0454541884130958e-08
5.155309846468432e-10
0.14688458289043776
0.159432333949739
1.401102285516854e-07
9.696583662254199e-17
0.08249205045889947
0.0032858669657400666
6.1560488755475325e-09
1.2251646946330773e-05
0.017964363899369173
1.6167831738238431e-21
2.2424259485428908e-09
7.385706439466931e-09
5.766186993963506e-22
1.0668958101656985e-11
3.904971176874491e-15
0.19307618726016604
4.0693933401457975e-07
4.2856578371265644e-12
2.0962158634306483e-21
1.2288889853422242e-10
8.464211998392465e-22
2.967899309947411e-14
0.09677513115361033
0.0036175962315214485
1.8240876267097242e-25
1.5852709408732776e-19
5.445074236422525e-09
9.027369109322367e-10
4.11912619064163e-05
3.936924957801345e-11
2.0092522172569435e-26
2.884094502089151e-06
0.16170994936789754
6.342119773690484e-14
6.866556380758888e-06
2.524986786600884e-30
5.725161400672963e-07
2.1474447837045285e-10
2.878461773143404e-06
0.06501103299541912
1.9275331484235794e-20
0.19017637262701348
1.7612348472010593e-05
0.09224289769035257
9.192275766572216e-08
1.2602055653852829e-06
3.870975333915535e-08
3.2896556610342244e-06
0.008316066715831742
0.056857310356651584
3.0494870345170876e-16
0.01041619799703362
4.086299360157045e-15
0.013943791169756367
2.637667883629389e-25
0.1097710526043209
0.05694888473948573
0.00031252026112048515
5.3708828752239485e-14
2.2385769988078702e-17
1.0615019464584036e-08
0.09446081784381599
1.0732278276416608e-26
2.5504772746706245e-08
4.731894902444743e-24
2.996949111294725e-11
0.03443110103029179
0.06776711976561262
1.9767595715672325e-13
2.221389331640947e-18
0.03535297097013934
5.2405572072823746e-08
0.009636181699418232
1.4641248808918191e-09
2.1370941050790482e-16
1.5140633730654297e-10
0.1271809548027714
1.3376925914677355e-08
6.521543548948945e-16
2.0362617760930806e-09
0.07638487407260316
9.102827634114268e-10
3.1262559962042486e-24
0.027102511198224245
1.3760944423590332e-20
2.631403578470574e-05
3.551898818384301e-07
0.0026229184881088985
0.0823007738761375
0.0919815607468153
0.026590372092066415
3.6107455082781066e-19
0.0017676152626816897
0.010531436802280142
0.16246864370761574
1.2673010613085024e-22
1.848048355233227e-21
0.1719549605617701
0.07965144737823628
4.667027112606877e-06
1.0715688111352164e-26
0.010707929593923271
1.273805686511995e-06
4.28451349366363e-16
8.137669968796873e-11
1.9876422514935827e-08
0.07289416906151926
3.5059858508461866e-08
0.16761087227559557
1.9221973634755655e-07
0.23491156572591715
4.596064524489002e-19
0.011252953837370858
1.6956634042238247e-11
5.3598566020788693e-14
0.10663168661357317
9.265711902988783e-09
0.12756411777271143
0.0001247827502749067
0.11398977003767732
5.345839218770902e-08
0.000979692842644492
4.554773943503251e-10
2.906553849833749e-10
2.0929854343000984e-21
0.010384937538302495
0.014207095797541638
0.06486467141390137
2.0434495228356202e-05
0.006958458688960417
4.093644520712218e-15
0.0010642235638671756
4.432378325321422e-08
1.650595793511698e-08
0.024764376482193536
1.7321651126857553e-08
0.0003751092565856109
1.1031040438377294e-08
6.619426690042373e-17
0.03891134662012601
5.386813276833629e-10
2.6619942519516677e-08
6.6327377728919966e-15
4.2945274032287e-16
7.705474709754641e-11
1.378535585307503e-20
2.2527875969353607e-15
1.595497512790456e-09
0.13510634380779837
0.12795767134179606
0.19456386352977498
2.5473207042911002e-08
7.102995919860481e-09
2.4371568143435073e-07
7.213440212136234e-10
1.0084854573310756e-06
0.12152623828214873
0.05117185389088838
0.09265566730560591
1.9036780510789035e-07
7.0832338959304366e-09
8.471084127392346e-06
0.004670122067334715
2.3648975834393105e-19
3.5940958571139433e-09
1.2733877202023512e-09
3.0420309518342904e-10
0.024560829038702485
5.610424030661022e-11
9.191199244194181e-10
1.4005862172988497e-16
6.36393633651143e-23
9.174351968237071e-10
0.034344189604258765
2.614698374149081e-10
8.31364205964078e-16
3.960177218232813e-11
6.139083505874415e-08
1.821694171896488e-25
0.22651497418949398
9.639659473510537e-15
1.0141755280615137e-13
1.265644751379843e-09
0.04239294498914054
0.004866585347987692
0.004450149776195541
0.0005529682722653915
1.629795621919075e-08
4.9442824940926537e-20
8.947388060945644e-08
3.2812269598436233e-06
0.017200348740217267
7.68360163989531e-06
4.302399605790823e-25
0.10642427841373972
2.3268735249002318e-08
7.137558899040205e-05
9.395036237012977e-15
1.4708615657868635e-07
3.0227447923196517e-09
4.0835695353427185e-07
8.771437309489344e-06
0.1208949244497183
0.15118460426805083
2.6699674653107205e-12
0.07878285736196182
0.1144247903064106
1.0341175836636977e-06
0.02474860546525755
6.204336326954591e-09
1.6361677097321858e-10
0.005499582253935026
0.00037536224100882365
1.398124897269447e-16
1.6143099243832504e-21
2.6855661814732827e-05
0.15389725026240988
1.195670563082001e-15
1.4982086896695702e-08
7.672144462891403e-07
0.0024923014958219193
0.03523344090682726
0.02543437732956879
3.57048158832899e-10
1.424025199506381e-09
3.5532913222642156e-10
2.425236111908319e-08
1.8523211012233417e-07
0.016393224156512908
0.13595032223618628
1.1978420848868156e-15
0.07895199692990557
3.2606368909872936e-21
0.0009219746618932291
2.1508737767952531e-10
1.0719700184057681e-11
1.9249947177140643e-20
0.057346868847049565
1.155302014298842e-14
2.4681082372860917e-19
6.515397258819383e-24
0.023612623688316008
0.022135603051696484
4.307843424819147e-25
3.594083543039249e-25
1.698687192450532e-07
2.3673364954023355e-19
2.0563798551989263e-08
1.2270937223358116e-10
0.057626751104560225
