1.5314137094887446e-14
5.732726817516593e-14
1.9810087980370995e-13
6.319285885126402e-13
1.8608271923248325e-12
5.058252742794995e-12
1.2692624997351617e-11
2.940077739249627e-11
6.28669831624377e-11
1.240917381567867e-10
2.2610988906862165e-10
3.8032308528395593e-10
5.905303998874576e-10
8.464245923519755e-10
1.119929612038571e-09
1.3678851170923804e-09
1.5422861628482913e-09
1.6052280551856116e-09
1.5422861628591402e-09
1.367885117111625e-09
1.1199296120622169e-09
8.464245923757948e-10
5.905303999082297e-10
3.8032308530000655e-10
2.2610988907972092e-10
1.2409173816352794e-10
6.2866983166041e-11
2.9400777394238015e-11
1.2692624998119193e-11
5.0582527431059215e-12
1.8608271924406434e-12
6.319285885520142e-13
1.9810087981585253e-13
5.732726817856656e-14
1.5314137095756973e-14
3.77641971319722e-15
8.596554538784482e-16
1.8064461966408046e-16
3.50414509619979e-17
6.274737640980594e-18
1.0372071559334867e-18
1.5826754961520464e-19
2.229331712176339e-20
2.8987712865355495e-21
3.4794423820361277e-22
3.8553320526753156e-23
3.943395806308559e-24
3.7233631218093487e-25
3.245314999970866e-26
2.6111676867433297e-27
1.750318043975822e-27
9.774700938087699e-27
5.039024026708358e-26
2.3979814592999566e-25
1.053420229453663e-24
4.271829679547897e-24
1.5991258542408048e-23
5.525960833752009e-23
1.762744634606351e-22
5.190718079267372e-22
1.4109834631510296e-21
3.540567244441506e-21
8.201253044095353e-21
1.7536544362470566e-20
3.461499441737687e-20
6.307263210339029e-20
1.0608991113736332e-19
1.6472657083455862e-19
2.3610743933744253e-19
3.124007919029757e-19
3.815671888830562e-19
4.3021580413335266e-19
4.4777324417183015e-19
4.3021580413738465e-19
3.81567188890184e-19
3.1240079191152396e-19
2.361074393456596e-19
1.6472657084136012e-19
1.0608991114233698e-19
6.307263210664392e-20
3.461499441929507e-20
1.753654436349382e-20
8.201253044590502e-21
3.5405672446593675e-21
1.4109834632382326e-21
5.190718079584966e-22
1.7627446347115239e-22
5.525960834068519e-23
1.5991258543275572e-23
4.2718296797670166e-24
1.0534202295044936e-24
2.397981459406704e-25
5.0390240269078595e-26
9.774700938416215e-27
1.7503180440233305e-27
2.8932562671017444e-28
4.4148227977701105e-29
6.218649679373126e-30
8.086030012093973e-31
9.705793505389495e-32
1.7260344189430814e-31
4.5443763553061914e-30
1.1022970298238047e-28
2.465769613503403e-27
5.092571266018404e-26
9.722724647372497e-25
1.718105401338853e-23
2.813562043569481e-22
4.2747536075533626e-21
6.031982195431853e-20
7.911438235351544e-19
9.649269984690754e-18
1.094258053364614e-16
1.1525285600044721e-15
1.1245722685529597e-14
1.0132495445547402e-13
8.40314114758378e-13
6.392300799271052e-12
4.445522336609284e-11
2.8202749750974065e-10
1.6317517071738099e-09
8.62558517277706e-09
4.17912380104939e-08
1.862654469804713e-07
7.662603924127133e-07
2.9144347695728283e-06
1.0133065663023166e-05
3.1828098729761895e-05
9.061383432153448e-05
0.00023531582854926698
0.00056022285832575
0.0012277909974230939
0.0024860622689484987
0.004666336600338758
0.008146052616894904
0.01327170928246646
0.0202578193637737
0.02910290803039277
0.03957890899967846
0.05134625094444601
0.06423106029793613
0.07867886188483032
0.09529947772708519
0.11379531639040052
0.13312009611323733
0.15169634930242967
0.1672921962709715
0.17734652698090578
0.17955093494308413
0.1725402404501143
0.1564451037173415
0.13305834517667198
0.1054916204639739
0.07830536535648114
0.056687472677660104
0.04115526241971234
0.029442839929882614
0.020225662047516045
0.012982560113110437
0.0075774788162211145
0.003918607938125688
0.001759717290820072
0.0006825165864449523
0.00023236919891712605
7.156228835019327e-05
2.0402845408871556e-05
5.434235449877906e-06
1.355126964264692e-06
3.162119554232545e-07
6.893047313639843e-08
1.4007748263637716e-08
2.6477184593960537e-09
4.644334426230047e-10
7.542579785470084e-11
1.1315074258201784e-11
1.5643723802513067e-12
1.9888666247851808e-13
2.3205586189270506e-14
7.225770428113349e-05
0.0008995166702560508
8.723711617566347e-07
0.020748534427181692
1.422836135529352e-06
1.2146923142573134e-06
2.9211030034116696e-05
1.1099341466365825e-07
3.7441627622222036e-17
3.231704197227848e-23
0.001411389375420793
9.858812191111858e-14
7.18783468912556e-07
2.454897897639966e-22
0.03408792031879087
0.0014073688061659387
8.709311629143037e-06
0.0034017849956124225
1.2185854072656551e-06
2.9191806280825387e-06
9.043830258637741e-05
3.103247696102565e-05
0.009273029009997533
0.0006034703541932499
0.3379856138069086
0.3330848955848275
3.2131147080945246e-16
2.4574755499648593e-22
0.031794528688281844
6.351933052864076e-09
2.2259570660614495e-18
0.3445050828354096
1.1033618558493067e-28
8.729540297891083e-05
6.435328867479612e-09
1.1105938219940106e-07
7.26004692101875e-05
4.446892778465919e-08
0.00029910848605211926
0.024651239780198585
8.352458970722351e-18
5.858872551789419e-22
9.844077818677791e-14
0.015320998345350638
6.085655347345608e-06
1.0894213839359704e-06
7.83736504601905e-06
0.07523070014733155
0.30974652366617633
1.196332303711594e-09
0.0035329330740708413
8.685682170931736e-06
1.6359801137998391e-12
0.0002297794233611284
0.01558932196924817
0.02093210872063795
0.04218552519592581
3.448895987669548e-16
1.203379919615481e-06
0.004892803223760461
0.01121390374946383
2.0615250565605767e-08
0.018655096928083814
0.0009017037282291796
0.0005790587434538469
0.00038789330816205457
0.0004363163281812402
4.822421398635378e-13
6.096093765277914e-06
0.02032242573987939
4.669118155778992e-06
0.300656662448396
1.290868652489505e-22
8.720035983623119e-28
5.850389173470027e-14
2.416227204238868e-08
0.4813518289365732
7.962398594301804e-05
0.2538668542325013
0.009318626858804665
3.107146978822038e-10
1.2193518534119204e-08
3.1123347022700795e-10
1.7269956079889748e-31
3.723150135087382e-09
1.0983739469250829e-06
7.965166070059413e-07
0.01565934560071726
0.33452390571373547
0.16812933778725914
3.1011893951863328e-09
3.1064698526649124e-09
8.602061077928843e-08
0.018598107583563353
3.2266119866817375e-23
9.935476009902864e-18
2.3546950459063284e-06
0.39674539833345573
0.0031372328306512264
0.05719899428357266
0.042077603059160786
0.12638087954343466
0.5226084737059149
0.006191736344996798
4.7580764593419045e-06
6.917720768238841e-19
3.398805346526826e-08
0.07205452170091203
4.452643679276389e-08
4.646936754212357e-05
1.1947955960694399e-06
6.979504295425602e-23
0.0988614640264788
3.6837655241405396e-12
0.0004993584821057073
0.0034286260069326864
1.6354315525464926e-10
9.700182406379893e-14
3.716236135369572e-09
0.09986734484435678
0.0005821988957626545
2.0642084460855265e-08
9.57293926879988e-12
8.587634548519246e-08
1.1943499573038335e-09
0.0223008398295604
0.022302641931648357
0.00012176196772781818
0.10215615620484705
0.015379626923242611
0.4934954109439906
3.682973310622713e-29
0.03191446366376638
2.7450603943773996e-05
2.000534971330183e-07
3.6008613675907085e-25
7.079779639716461e-10
9.716669865064215e-17
6.362656016218055e-14
0.03397982621386167
0.09763521490287767
0.00012228296669106336
0.00032770484690334114
1.3710195889713052e-12
0.3679194019879005
0.00046205697976096043
0.17019054766071506
0.09125774020858117
2.0456088215145276e-11
1.364501254302784e-06
0.42247273399686214
0.46814715478110647
0.1290587396592453
1.5912409488400687e-18
3.675056592227987e-06
0.1131058290884395
0.10904529036858422
6.847193428858949e-05
0.13349534105949504
0.10266099948535787
0.1805506476631793
1.327183468606907e-11
4.723795887401842e-24
0.1530429121190558
0.0006067249326468987
0.000495666348908327
8.598485644780241e-09
0.002657778759581234
3.255559694038294e-11
1.0829229762327837e-08
0.052965066950993414
6.353290071958394e-14
8.793842714650558e-06
0.13339515248396383
0.08614597494830648
0.1458759901519285
1.8637388931943088e-08
0.032308155716062006
1.0661916287947394e-08
1.858886025723366e-08
0.032443226358650774
3.117231064416237e-20
0.00032483385655168853
2.6634765857838893e-06
0.0011848776911486697
0.02475333020257604
9.878600121917098e-06
1.7209361157846804e-05
0.1729897079285237
0.17377279060645276
1.3803779649756959e-05
0.035052688353731064
0.0031177711866410985
3.236780282043981e-20
1.2168134057922563e-08
0.0005807443229541539
0.00024099447137880222
8.738899676117624e-07
0.00031851714957198586
1.7988805941835766e-14
0.0035452379347840337
2.574829652735863e-07
4.714078453624341e-06
3.690641264953348e-12
1.2645849636860594e-08
0.000605104560893054
2.3284406719691088e-05
8.735767618292074e-06
0.0003163295651853544
0.17960082997504034
2.3967392057204198e-11
0.009228404884468
1.7149279672049636e-05
4.189307522939809e-08
0.17896556439813793
0.00023943306969376595
2.6384532208746955e-17
2.738178698727679e-05
0.11866622642251796
0.17933819706321666
1.5991046342773035e-07
1.8034629977632695e-12
0.06791114711919854
1.4939294224453808e-08
4.4203825026118684e-18
0.07681908578147278
0.10231234047844633
1.1071406075751185e-21
0.0011666435224790242
4.1156759742337713e-13
2.6499456447610185e-07
1.7972923016844608e-07
0.08996936444967506
4.179096150680321e-05
1.6326881733590236e-10
3.1312356844601088e-24
0.1500051067749949
3.44252390673145e-16
4.826453521740035e-06
8.744174497637087e-20
0.15238350234103284
0.00012096423887140196
1.588999794809735e-18
0.007003506695085035
0.09495368865828575
3.2627323587188065e-11
5.804300299488166e-21
0.12849491979184752
2.469670582213819e-27
0.09323539403171015
0.0002121228681167735
2.007038786477747e-26
0.04253189602715726
0.17199304314588174
3.6067594230711617e-19
0.009118580024447216
3.0032926116875865e-11
7.997845761892846e-24
1.637867398784446e-10
3.255969136897406e-21
9.019864419087212e-05
2.609933655969777e-10
0.023250324809107117
0.04139134802550942
0.010928477754146232
0.04159897571236421
1.5959693284023655e-07
0.006150146815271808
0.0026235977090950002
0.017287630203699045
0.007101554926958144
0.0178842796227028
0.017834277085215237
3.3897541242475813e-08
0.1664618941787315
3.950731728629085e-11
0.10020547989099382
0.10066675040571875
1.4908495328480885e-08
5.366987207168933e-17
8.738750668153344e-09
0.00031258859930468084
0.2193960382214621
6.5022198216958844e-24
0.006223879853618136
0.06979470035784284
0.07013361363773996
2.3583099563297504e-06
4.6150478772947925e-18
0.006500520977001656
0.024148201676343704
0.0039776651034410535
0.1417097662441714
1.0051236338617558e-05
4.622083992390969e-18
0.08562306091891507
0.03724424127031795
0.013978209000826051
0.0026305453650866586
0.03829918382929037
0.17842090973191393
0.04002654857017285
0.0007186967228204046
4.812550925056707e-13
0.00030292836024702806
0.09796369503912677
0.00046507744330777145
0.4575845317902698
0.16944347881699595
0.17608648991362252
0.182168029211405
0.09115567255286743
0.18282814683013365
0.009206090674178134
5.466741373263981e-06
0.000309821149579433
0.17547960634110524
0.031624791139212946
0.11133798713263339
5.5666079710507196e-08
5.2871885949466824e-08
0.11559573027774826
0.15902182394869244
0.08348680435481044
0.0023965558801011502
0.11525337504504571
0.04746131692562003
0.10005931981477709
0.004460305409058311
0.09976467187314245
0.08324033593725066
0.0012616369903193465
0.11575016476832467
0.023513830016669436
0.18815300913169472
0.071746104133518
0.05190874927911964
0.18521443174968125
0.19297973586871228
0.05209671742271649
0.19289790318057357
0.018334806265325503
2.132258443946658e-07
0.09277913038106672
1.8196465183186276e-08
0.06715473914184379
0.06735924394731209
0.02289085442156021
0.19088485273593112
0.1883035680468274
0.12182721605467334
1.8167128602480282e-08
0.01614426856235394
0.16222777351575518
0.15837680515280347
0.17599186240015854
0.017240528783989628
0.18070350548181305
0.10782400511714821
3.2321093407714944e-20
3.914892945232122e-13
0.13131073848248087
0.23605558699192625
0.06690910666511342
5.715046940483028e-07
1.7766694715398026e-06
3.9078037467424643e-13
0.00560181425707337
0.18241083515511816
0.16468505751204573
0.010019165004853399
0.002343332490392397
0.009640019374875507
0.0009022653009260595
0.056179469462343104
0.13754863759587171
0.2334747702948206
1.4069120117053711e-12
0.0009132060707776489
0.14488469809162413
0.12341252708110981
0.002865675885139535
2.8523093764536343e-06
0.0626430060455023
0.19066060547911676
3.8504823392393515e-14
0.1161113862760582
1.7791576909240292e-05
0.023173970990006346
8.755424447303945e-06
0.18536713556774617
0.16378015056056036
0.05178254366447208
0.14434337557600427
0.08659341027857148
0.06413862932153565
0.09478046383152042
3.1938020543701924e-05
0.1836365198891289
0.029314582654961757
0.027868318405278862
0.17791992209414279
3.1951509584399547e-12
0.03613623966474767
0.18908693453377462
0.02939864210940014
0.19315288880801434
0.16586495713122817
0.00014852764656854737
0.00531544040268311
0.02310722234561092
2.564797755981233e-09
6.006591915385285e-16
0.15141374926181755
1.588014328648458e-19
5.7914428590888304e-21
0.13862207516307132
0.15665435694403856
1.7831643122128332e-05
0.16648113663431718
0.09070862204904227
0.055219245667594404
0.03886806522110192
3.2166823506523544e-13
0.11234430975449221
9.66344853869087e-18
0.07806452638658255
0.12355799486219311
0.17551830857447598
1.2725695384277022e-09
0.07466237160198506
4.590206682432364e-13
0.0023492845440309163
0.021509285271278673
0.002566990273049486
0.011108672967292345
0.10769452968036111
0.06993514264589952
0.07999185993599593
0.008226166867849279
0.16605828625815727
0.02796242282570682
0.007377717988942731
6.990811665768441e-08
4.686100075490028e-14
0.0073965444185931945
9.06733291245691e-05
0.19475826735230423
2.594053638082343e-13
0.006517252867892824
0.03198064142098381
3.857414047309932e-14
9.02800004277642e-11
2.0489159623826384e-05
1.2887869061087532e-22
7.275608042351116e-05
0.007119490433592572
2.0092237922615423e-09
0.19445426498823307
0.06771690365532984
1.8977747247324265e-08
0.04307514617749174
7.077388949356477e-09
0.00015366556732050003
0.17555127688500405
0.0010348055362993107
0.04892699824239817
0.00924556215470712
0.010746416820075492
2.6293867411835748e-17
0.00820469874575371
0.04272237557004767
0.1830960972527245
0.4787603063521708
6.038637404335058e-20
7.098568114813323e-08
0.023795490646086187
0.023858648639232042
1.5077037164666052e-05
0.04770271869027235
0.17410090079997093
0.15871124739036338
0.0436109680987806
1.2523504726550551e-05
0.13495763091459387
0.18098159116104182
0.07209031029719877
0.1844716259419725
7.613811548043182e-11
0.00016959535525624928
1.2551146400443562e-05
1.0173575454567524e-05
0.004357455185328511
0.02143098915658106
0.09002855780361545
4.1453390807554215e-06
0.03623621010003978
4.9424924083409476e-05
3.049162061621911e-05
0.14589724068640408
0.025399379572531047
0.014280893464135667
1.5110786798938487e-05
0.1593600015395889
0.10211557076736487
0.09449849814175024
0.03990428296476032
5.268205687067365e-05
4.373449108382493e-06
5.670383811272095e-07
8.4510327307246e-22
0.09039460964796982
0.08619388875365898
0.006533942177870893
2.602681871008475e-06
0.009263739891071097
0.06534623529856226
1.068773094299292e-11
0.00949488868892583
5.0412131931881286e-06
1.7460100182272755e-06
1.780655754540704e-06
7.599313782340126e-11
0.10123397060189782
0.0014303934406194954
1.660592831197023e-07
4.1484776302803634e-05
0.05813322205187769
2.589329907304264e-13
0.1338269740981499
2.073008284125082e-06
2.735399223220284e-05
2.573349737580602e-06
0.04580016669859246
1.0359965511689835e-07
0.05615302829611935
0.01071886721511916
2.6863097545857395e-09
5.682160323907446e-07
6.88701552633768e-07
2.2420510733261597e-17
2.816324233095596e-22
0.09977382636342522
0.05167152335930215
0.16412478601055036
0.18071737261082432
0.179755155043463
5.0643056606626385e-05
0.00928744119983259
0.007856877795177044
0.09510642427135281
3.535248621479794e-10
6.405213380698925e-19
0.08490762307000488
0.016241691750290957
3.32672840715125e-06
0.0937247445883771
0.004794135248476635
0.08378119945844499
0.07776806966391513
0.0605827237320519
0.00787667280761482
0.0022883917033971733
3.5284632387590564e-10
1.3158634056334857e-09
4.931146318060458e-05
1.0423127675539161e-09
2.639551516101001e-08
2.860418336594162e-20
0.0008943751942058794
0.08314611115892041
3.2009986540653486e-12
0.10926575381328527
0.08015029497678919
1.8431128262400608e-25
0.057391761400731746
2.375823780734394e-11
1.0195863137933634e-05
0.0001744335647198095
0.21873090922848476
7.669383333651797e-05
2.755054778793566e-09
4.5590553434613637e-07
0.1476820847150659
0.0860996577869915
3.8977527186705464e-12
0.08341295816196385
3.086435205318666e-29
2.144456779419416e-05
6.040487923262556e-11
0.09557146445177729
0.00017587373972415314
0.2603684987736173
0.0757445272685771
0.004895325846320897
0.0008964126969399983
8.734315860118434e-28
7.225671450909321e-10
1.5460236692052305e-11
1.1001200642412886e-25
0.3313576454444459
0.0009154832596203117
3.7158823112020807e-09
1.0443233528777926e-09
0.04139071930014281
0.002784856914569246
0.006522911484270433
3.476043010916278e-07
0.0022939254412954993
7.64850307096981e-05
1.2047819625215355e-07
0.010671239959496662
0.12347721166953159
7.989358495555686e-07
5.0355066219319866e-12
0.07168164985437468
0.1902404956507983
0.005658032203988296
0.08702221744798903
0.004874032580343883
0.08271188145778335
1.9243474242585915e-17
0.23159144414911417
0.11908123040331074
1.8742317189246686e-12
0.0821489196148299
0.08240867471667038
0.03597965585443264
0.15825911613450022
1.1589981442164513e-11
0.008993684214110028
7.249402872393666e-12
6.34790710523439e-06
0.11646912697977986
9.407946334514675e-15
1.8045630513644532e-23
0.13591386324416518
1.850715127014265e-21
2.7293599111717835e-05
8.617690724414302e-14
0.0065391069887386025
0.11673259033054537
0.20683002482522742
0.16118790811029707
0.10842565445663689
1.1708807135235447e-11
0.020745562801188153
0.020934265464929082
0.16022205531831285
9.19144686673607e-12
1.783834788619126e-05
0.1765800462447364
0.0990681230329016
2.6829174112046103e-12
6.41450070802346e-19
6.907072539949588e-26
0.1846537764540811
2.775393061368485e-09
3.0986120631454844e-14
5.950813607472114e-15
1.787535863300785e-05
6.704600313207037e-27
3.055549059051501e-05
0.16355936110904026
5.529589051091888e-09
1.5696508223478314e-07
0.006154549954879132
2.0738739247909573e-06
1.4668345803569011e-05
0.009667098391075506
0.015042648547716872
0.018541514333502065
1.8428755138281408e-09
4.519490227880405e-20
0.03801622131400239
0.18961308977663782
0.015002513671457348
0.20762538223649876
0.17056251856613494
0.026626424950760022
0.0018390431182975502
0.0007438271444200075
4.509456245403331e-20
0.03581871102518681
3.059499640493654e-08
1.1751776336005466e-13
8.124012778490333e-06
0.1818897813399174
3.893440450425044e-12
0.09026167584374628
0.0004582107270257346
0.2124051313208333
7.231638105408673e-13
3.482537101751728e-07
7.670342595661871e-18
0.039330840440238934
0.0014271187647428012
8.190759764921602e-15
0.11713505608188263
0.000789680221574076
0.12680435211405375
0.00029821747557453503
9.839444013116463e-05
0.1279972498442634
1.5694962207255636e-07
0.02572772676033473
4.7375836072481815e-08
0.0005340430417309238
1.9001374866557395e-17
7.659030319424498e-18
8.077478280905621e-10
5.7224050728857956e-05
0.15891930894030604
0.0669854451391624
2.182352209395142e-12
2.43603397593886e-15
0.05178879206416415
1.2072079791251952e-07
1.894248099443127e-08
0.005299595957930473
0.1343914977573842
0.0011093639581928089
0.1907382548912624
0.08046241750972279
2.8170700364517398e-05
2.622033077815393e-16
0.04001031381716355
1.088992316738665e-07
1.983612906445879e-15
0.1515249531557576
0.0489840843602147
2.664310342734907e-09
0.19794548007592716
2.8041833513444055e-15
1.9085007053241386e-24
2.659010914378742e-09
0.17986226359226548
0.04921885742648146
1.980170306991478e-15
2.431550350023677e-15
0.00040240360301725095
2.626476111418528e-16
4.206799626507822e-15
0.3510039217980201
0.00617149846406321
9.47216950871632e-18
0.05188505555263352
1.0153245741789757e-05
9.208289426947033e-12
0.14539626410418346
0.03886400928331223
6.3614727362115475e-06
0.14116792111921303
0.029613512711013236
2.2565183318124972e-15
0.0009535636218904668
0.010728329221153835
2.2285712618411733e-08
6.37604226215285e-14
0.2540106111622542
0.1407127267329597
0.16312415616479442
3.820583144564682e-17
0.0016512702957700823
0.04717913302401229
0.0028146473751850623
0.05810054666614536
1.8451818792628341e-25
5.5483616979938e-14
0.025537572764658737
1.3133140831676433e-09
0.04744611301650639
0.21625851098723722
0.020166988360778695
1.795777787219442e-14
0.0005353707872133487
0.10810614377679865
0.2551741869349236
0.0897529786312399
0.000724199071304011
0.14141612042144674
0.0028245608247745475
4.426903136166414e-18
6.903739848425241e-06
6.189148151747775e-10
0.017181946859135426
6.842878327183539e-22
5.965816955550826e-15
0.010813267355477909
0.022165934457094194
0.1660375595979293
0.012213871137555395
1.719166705170886e-12
0.006147938712689278
1.0758695701448141e-15
0.004342300726733695
0.16730606846408344
2.926866086878419e-13
9.34061332236103e-10
0.18056917215480256
0.26735731617746783
0.030796051697356525
8.2057569703597e-15
0.0003516637754101304
1.290757820597499e-10
3.7491247242818006e-17
2.3978287299862394e-13
7.223268985265038e-13
0.15102937273810998
0.0007455565815235436
0.19710657932825618
3.5779532266286137e-07
3.944593923892831e-11
5.940891419490948e-09
3.129438707409677e-06
7.070633604027953e-15
0.18515719510610962
3.79921896867473e-20
1.647961240834174e-05
4.6580040031467223e-07
0.017289856790294947
9.38145555836994e-08
0.00029891560100299706
1.8056178159928258e-23
0.022226501817011707
0.13536490398115797
4.724462188537725e-11
1.896775881082921e-17
3.0653251522239455e-08
1.7397756874920455e-08
0.02392156568532352
0.1764344681829585
0.04935418894798464
0.17714217348041225
0.03732522692949709
0.15175761961930465
4.715662122297075e-11
0.14117160168302575
2.092274533945419e-06
0.177041007627038
0.06339817671801345
0.00420713174570434
0.21300617534132985
0.09923292349259351
0.005312594206918254
0.09321480647933858
0.050520758626607834
0.16705977879803102
5.276560682624282e-19
1.2935886171462314e-10
0.0630149112253614
0.0020425731354047918
0.11693599006508681
0.038183889117790866
5.55879965547042e-14
9.835345902998899e-14
0.1277949870851951
1.6679792428626914e-21
6.914094580310127e-26
0.06193310073160617
1.4230991428448818e-08
1.921547840209018e-08
0.0008403862429629088
0.18605616420401883
0.1844026809534614
0.17851714121998802
1.6455832834967037e-08
0.0128312006662614
0.0775106061608247
4.446413637005049e-08
5.4305808735020525e-08
0.008969946506121698
3.5535106671969754e-08
0.0034867278261656504
1.644411801667991e-05
1.1154893071663159e-10
0.12179083010362576
0.006570669700209754
0.036359625155025554
0.12187464520784061
0.0995346899028994
0.06377296443150995
1.3804433194260111e-05
2.3350315337281195e-05
0.06506017400201346
8.453027775491451e-06
0.18578693317398173
0.00020731599721436183
5.955270199771504e-15
2.771457306742779e-08
0.024273463569448192
2.7965915636080083e-10
0.1387182625969642
0.19648054641058707
3.560637611296877e-08
7.55890802364958e-08
2.776965855044168e-08
0.17877287376758313
2.16679941268458e-10
0.04237747775219789
1.425933795767214e-08
6.051843313045119e-11
0.13489058336084164
0.17135330539263963
1.648984661424691e-08
0.07675781350470591
0.06582352690703498
9.729401514767931e-25
0.002047627569207453
0.09304112161341391
0.005643806858145243
0.14134795613567022
2.026657730255196e-13
2.070095367398662e-21
5.918935272998942e-07
0.15643474104626354
9.488821929168927e-09
4.4554259951347705e-08
6.473206607438993e-08
7.058086796019752e-15
0.12350817404488021
0.0017317665661943423
0.04531298010585583
1.4801444986394748e-05
0.0031359605730595804
6.222918853990255e-18
2.380689097746988e-18
5.441719584564148e-08
0.0004612354426371348
9.906639439509264e-05
0.13975646306976672
0.001116254624581911
9.424884053011702e-07
0.01498780946333655
0.1926763938081526
0.1128352528484724
2.5173978310900287e-06
0.0713111884279098
1.57673171828982e-15
1.3278100822926365e-12
0.13365549073366967
0.0162862881894541
0.1857516119703733
3.0971811645410347e-06
0.19801833952110198
3.7187385470678743e-06
0.09959096284248575
3.3915537123134825e-05
2.512108770360543e-06
3.090589735123441e-06
3.726773906705775e-06
0.0655727802399716
4.836521246965628e-06
0.19338475125805352
4.382998574801423e-06
0.16871498102541793
5.595215793151576e-06
0.17581436232234432
0.17486833696390564
0.11766352117181031
0.0970927369180496
6.870465616615884e-05
0.13566388391931425
0.15816990521222127
1.9100775189438424e-24
0.01843143934613002
0.11962901951689481
3.597832560588801e-11
9.009615044134574e-17
0.20195572797505165
0.21956538946974336
1.2023780786130228e-08
0.0021356187316475504
0.0001269390203060194
0.014075933176144936
0.04912994388003732
0.004455200618226376
6.885810838397017e-05
0.0464609138781512
0.020218964571538513
9.590264409140094e-15
0.00014887582449274282
0.0003514516564355276
8.160184633439705e-19
0.2547407848122095
0.05100114383964998
0.010584536690342445
0.0006683682735619175
3.213046679321294e-16
0.19514372679444283
7.095577814499783e-12
0.0005504742439555245
0.2125317208042052
0.09676416906256803
5.2606362927867e-10
0.05383598053584044
0.00012723420642282067
2.970608608195675e-07
0.0999162784301374
0.07702019197638196
0.1766186902105279
0.0005517670525212546
7.31253681113086e-06
0.17325449873003138
0.1871822246142196
1.9900123401620144e-07
0.006548603115597777
2.305569143350763e-09
2.340282802126767e-05
0.010038410894508295
0.0014454525845734704
2.3760396827019965e-12
6.201516732121652e-10
0.0016624948180305357
2.9769644559161534e-07
0.004726683516000706
9.483051545833902e-18
0.00035542093674371245
0.0035867174703256735
0.003987714202518355
0.08685694079454274
0.00035064810102875335
7.203263141750516e-05
0.049560380428914697
0.0017427147172780534
9.03267824298129e-08
0.004806041980290393
0.003830760052458422
0.07536750245325294
0.19435824424954729
0.0004443698703024948
0.19372952209021435
0.028083412647825934
0.010063672932151848
0.00044539968723380824
0.004368516978805019
0.18006981216294618
0.0032408977818487944
0.12104411134742607
0.11667737500192538
0.19936456856624923
0.0735983147876417
0.0034698642869962007
0.054088652559610165
1.6326425475039303e-17
7.387728773786968e-13
9.447353636389518e-07
0.18493221318031214
0.003977958481339581
0.014623380957931198
0.0014066095707013203
2.1091723830076627e-08
0.07559114470078518
0.0372151123754473
0.061751228641563495
0.0032223882684264903
0.4208917204613779
0.3617227709509712
0.03701466201256682
0.1005189414580256
0.020258098592311105
0.1270205225705392
3.5706845969026904e-07
0.5185959284603312
9.019415968119657e-17
0.02318417609800714
1.9276348335879508e-17
0.053579256592104794
1.99569845405748e-06
0.02679981368344849
1.4310060534445915e-05
0.4088228407625563
2.149147764053495e-05
0.0030692619798488954
0.25951097117353683
1.1610669174692787e-11
0.014586146327814953
0.0013819514454431554
2.3241446371982673e-14
0.026064280842231377
0.01741076037286038
0.038310174089229425
0.0014052852305892513
0.07803408786936394
0.028818349635581334
0.04747930311961388
0.03720407793360318
4.202784156982571e-15
0.1839125600046153
4.875964815196165e-06
0.0507406277100124
0.06396626414404091
0.10520844426007114
0.278805006803267
0.0032301788786720477
0.020311393805274462
0.03590605169071176
0.21263072286725723
0.023245835108831853
0.0001059532541572292
2.162715394939138e-10
0.017365854787943665
0.134532756445467
0.17790683525089263
0.0025529088502257427
1.0770446746441135e-15
2.6730718342407437e-06
0.15287123479069167
0.11815895614914368
4.840902941881445e-09
0.12019008300851752
3.7228256079686088e-09
0.03982199258938504
0.04497760565709297
0.0965026817723821
0.00023481499552645735
0.01847756484468905
7.112390745284356e-08
4.6775290466284226e-14
0.14626262639106177
0.0014104867521958085
0.017370389345160817
0.10963504139823915
0.0032494475975563064
0.017718079648683913
0.152316715948961
0.0018082162291672677
0.047617402422833466
4.9128491776967394e-15
3.2612367557780746e-10
0.16727183821772973
1.872543210719488e-11
0.1708409247393604
0.03841580980269465
4.58028997870351e-13
0.00024785651905055874
0.0017469673014608958
2.537365470448683e-06
0.02613472714107602
3.1357250688305863e-06
1.1612284388269435e-06
3.0288682762581843e-09
2.0495269631672238e-11
0.02677960083575849
0.0014089199456562595
9.113875120935117e-07
0.02823961936551812
0.03731268611676087
0.07741542156537534
0.035614813496524574
0.19088011116602918
0.000270343413563821
0.2536799856913185
0.10102106842255096
5.866245512294515e-06
0.026038950763321484
0.1821201691947008
0.14478033404228774
0.0962573480059343
0.0009670045358678119
5.957023871948492e-15
0.02889736554580357
5.9519709897469706e-09
0.05798881765675226
0.12264423351495393
0.03145469928398217
0.09826448381485475
0.003409458273030692
0.23300743794588907
0.17562688809701923
0.1158685880901459
0.12217695452385856
0.17818709070713856
0.026700143032128552
1.9251552058776902e-08
0.1855868498188586
0.09351376395134414
2.3465633538111464e-05
0.0018124328746805386
0.03427446088270309
0.0033552489822158645
0.013646265576552286
0.049220707413605895
0.10495975903091685
0.13379516351769366
0.18615160923507504
0.040011055571463346
0.10850410617058857
0.1162955912282902
0.05058439722250796
0.05936230510222396
0.00384037943236046
0.1675773494725497
0.15259267462680945
0.0028594813620475075
6.146519632893759e-07
0.18652766135267698
4.0403044033374576e-11
0.05258892306500037
5.2493514333427364e-08
0.0011033110009966596
0.05043306913714399
0.14464933976001992
9.847385612354147e-14
5.239570458703638e-08
0.1523202749559096
7.220684295296731e-05
0.0005682843419328304
0.1526403237719014
1.6365902451046803e-10
0.07833467866629533
0.1966636878570424
0.08285324175704577
0.20517765524086337
2.3829890134210642e-18
0.05137607021289518
0.0021695527864463147
1.1176552522419253e-10
0.004391593651483698
0.18574953949210413
0.18889736401579757
0.1068910409610634
0.05919487869729368
0.1681292998616392
4.56845136428617e-07
0.14751658693936046
0.020337393443135378
0.13101215806945238
0.011988363042638148
2.923589109506092e-13
0.06011295072955855
0.022268943692847612
0.07523035456377715
0.1363095426049212
3.1476539066051944e-05
0.10018721769832357
1.168687736154461e-11
0.01668948466952572
0.010548549805843804
0.1004269167161502
3.824510689357277e-17
2.7245160412674115e-07
0.0004942888034674502
1.0535120826576763e-05
0.0006667800348334835
0.02672956075369717
0.11054494890597358
0.0011323650215013048
0.11285759335953725
0.12961817090655198
0.16833310749807173
0.12691605330064062
0.17271662428882273
0.02508451623527892
0.15313978608201445
0.2149556579303488
0.00020782300545159476
1.472430641379374e-08
1.876077549924941e-12
0.13671758816642848
1.2048143264277114e-08
0.13063708960460194
0.1250194734995722
0.1049229858458384
0.13800625190220148
0.056328778051895574
0.19423431935526358
0.012028018650557906
0.17825201767912963
0.0005837470988065989
0.03122495346868419
0.001735692819573251
0.16685964693153832
8.632723761018533e-14
0.1349971437706411
0.18366342551572928
2.5424470293864705e-06
0.07827880908113106
0.17900536519376226
0.045105999244728044
0.0014725444060755262
0.002866182131826292
0.17945555077903377
8.750349997247299e-05
0.0013855400398574275
0.06358785709065011
1.5664645674740244e-07
1.767394529775343e-05
0.1820616139320933
0.06850927487535759
0.09858005514500827
0.18538200246052486
0.08071116031314976
0.11625402539084738
3.1410181655610095e-05
5.060245056213314e-06
0.18691787094501855
3.217344364651175e-16
0.20561989266320202
0.19332885379741258
5.0704601847461416e-06
0.07445323058231569
0.05455285004080027
0.08540361073944165
0.052073923986271094
8.008083707180469e-09
2.3101877834522737e-09
1.7637037603220665e-05
0.010595560211932836
0.0832822430068579
0.07501205449976202
0.016948550874518555
0.03826014400751056
0.09987504084248126
0.2692221179266655
0.17866212328486694
0.001442056193137736
0.0006002645307007063
0.18003029921850722
0.0012391718228628515
0.10985410418101348
0.0021402217514933284
0.06758584159013095
0.16388164687616694
0.0025468297136048614
0.1426090481534323
3.2186147809335243e-16
0.2232804090507975
0.12041802750960413
1.2352056590913424e-05
0.07810553351146529
5.195542085174469e-10
0.1407109010189721
0.15065386840172276
0.12564779927500486
0.09567840074663649
0.00307727216376535
0.026160049392787276
8.106637612260406e-06
0.035716545977719075
0.15117527782898987
0.19702436672711718
0.10802833722431698
0.17057597099762065
0.02611468372346807
0.19208660074640865
0.13003374196540765
0.12345233460531296
0.0004955150790183788
0.006061195763603405
0.09766672973126916
5.6242161741130856e-06
0.22787561207311322
0.1821493187832383
0.00023727719549749911
8.140068031735166e-07
0.006077815055015158
0.22016895983110077
0.04025298347374447
0.17598037515617507
0.10584920770405501
0.0009513258177524514
2.1891638119965676e-05
0.0005015487859556868
1.7497430955518984e-06
0.0007915931738770362
0.16792516982487493
0.16770408385713
2.327059163119765e-14
0.025155649145856135
0.18679638121175327
0.05134775741132311
0.08012709092600888
0.018533200765118746
0.001455341831028714
0.06521505211075411
0.010578818651632493
0.0034099736906298157
0.16791774511476187
7.258949970891966e-12
0.067100145734039
0.03866006086975937
0.0814246236082698
0.026861165376733345
2.458255230014225e-07
0.20286792552452212
0.17829675979347717
0.002227721845590654
0.15595376729734406
0.11707262228996966
0.0019625548840869296
0.0003929145740945418
0.04995187104773477
0.00023080516930344715
1.5569479445900305e-05
6.486703110148789e-08
0.0006327501987527987
0.12836805828154935
0.09876375098276016
0.1890019315156113
0.11472418313433946
0.15030174996277237
0.0005942827092630299
1.442976291525743e-06
0.023110047452942904
9.703085784090287e-06
5.612853019960879e-06
0.020392087426768304
0.03396271812253348
0.001469155491727187
0.10654381404199931
4.605970482606953e-08
0.3304589320378592
0.04703371686534917
0.03418303710184621
2.406209620131054e-06
0.16434840881224594
1.8747818768668406e-11
0.00035083308709845263
1.4399356871220464e-06
4.846403767278424e-06
0.0766500383872173
0.00013048052223635026
0.18830012328792992
0.016301189502566694
0.0017418985121645085
5.38860144648462e-13
0.016275843318268465
4.1578776141242354e-05
0.003128537125602172
0.19136161356152212
1.0174030995386094e-05
0.00024843049356560213
0.020093969902844448
0.17781511440863526
0.1789012447454917
0.0010258827704430046
0.023858513568686006
0.05165489216929763
0.028657664352636482
5.845507609252035e-07
0.0004245290425321489
3.7353467188853497e-06
9.618909206773814e-06
0.001319854952187196
0.0016700505459839832
0.05715169409390104
6.3164125726316355e-06
5.233790719757988e-09
0.0007371550010990423
0.07809363620910482
0.18752375320986509
5.360105075970238e-05
0.03056311128021999
0.1793068956959221
6.341871929149213e-11
0.15202543144666467
0.010414090667980134
0.031567221739989944
0.01368248373174056
4.183278338008995e-06
0.025522976739616506
0.03148243816596399
0.12003993097078552
0.05905541215405102
0.00015229885321641794
2.5042603011467963e-10
0.0001294242705850953
7.544899846384548e-08
0.155093774400984
0.011530268431562072
6.124904150832767e-10
0.1155570174611764
0.0005046444517297971
0.0032993619696543206
0.15034075852103526
0.0012361053769332612
0.00010619566926637119
6.802153825189795e-05
0.0177705779798688
1.1588182514939353e-06
0.00012380773504532702
0.08090521764422504
0.1742897350314497
5.24552040040376e-09
0.12922027902534292
5.651684592025768e-06
2.9199456063026587e-07
0.17829313098800229
0.027729108908947753
6.189110686614488e-14
0.0009667752881526869
0.13489652854745807
0.27828020497335176
0.01205876298664802
3.10268012557593e-05
0.13334543166426566
0.015798833219047084
2.044189576923172e-05
0.0018434281436638601
4.4333969317859414e-07
0.2274465139655535
0.15161190430167384
2.2872269387760847e-10
0.06081986732908377
0.11730379991413205
0.18654977149544097
0.000131162455038557
0.07324121587605238
0.14117316713682113
0.09619911684516456
0.1142923677416719
0.029728193662931706
0.03365237610929202
0.07230420033072286
0.07806811274140124
1.5591334084643732e-09
8.47028578437912e-06
7.473880796964505e-05
0.0038793082685143975
0.0969899170981428
0.12605916867181405
6.48653876654059e-05
0.016441729193680223
0.12317219436674429
0.11020879116940609
4.937682023966111e-05
0.016866748979701595
4.045033713496715e-11
7.467120805948881e-13
0.00010041268650181336
0.15561654992036336
5.027891946385115e-12
0.04204460001390638
0.1481002149088826
0.00018889750708495076
1.7990807785574486e-12
1.3354118190636316e-12
0.05442215772549574
0.019245155744165274
0.08565838671128133
1.9998587343799435e-06
0.3248945584319305
0.12671713960044623
1.563759992875639e-10
0.051019759249945666
0.1759587843069425
5.223182602882976e-09
0.0001601002567185325
0.027656062593055083
0.16746803599928398
2.0302749516108135e-13
0.09598196532949452
6.163575262155493e-10
0.0002200506912015722
6.350865169216687e-11
0.03136729345292648
1.5668536405979473e-10
1.050350423719394e-14
4.065135150313408e-05
0.1001795781319992
4.728490082384262e-08
1.0134382662907856e-07
0.0005668749917174593
2.2617602699885188e-09
1.7401714656854732e-08
3.0257561283747506e-05
2.6647229190427572e-08
1.7160506189656935e-12
0.00883172928156627
1.9822787991138067e-08
0.00019791855361242673
0.06672706044864887
3.604503486761576e-11
3.5758391825337924e-07
0.00012408469567232639
0.341087131523568
3.626643144242526e-09
0.05284510949375788
9.756799531487168e-10
9.132637483570908e-07
0.0033641958789092864
0.01673215655974393
1.1719688431565608e-08
9.050679227331576e-08
0.008217570915492398
0.08037846054657513
0.008197202598294637
3.2133811308679265e-08
0.012018571963637724
0.004376317342867725
2.5069757130066516e-10
2.4367204834183023e-09
0.0005695884762733637
0.06541729140188854
0.00022193692353148154
2.113328006554282e-08
4.886248982584285e-06
0.005864013857208585
0.022326722077643687
0.013003156152416921
4.955522058924824e-05
0.051506702998648714
7.10856094812578e-12
1.7332748751656795e-08
2.877579423579565e-05
3.0523251702584315e-06
0.010593168694997433
7.491202879549713e-05
0.1966011807676731
0.12294223032279447
1.9793431941527833e-08
0.0002709563118754159
1.3584135802547495e-07
1.729791355946571e-08
1.7059743006280298e-06
0.0011058755342917557
0.00010015568311157142
0.0028587506685740544
0.0003090132016449485
0.19549215370859133
1.5662324641594862e-10
5.602384466853231e-08
0.00012981170620317465
0.01898089638297842
2.6991242584268063e-09
0.16585704664329512
0.02227088293995
0.0011356683051911276
2.9539008417978608e-06
2.0024541062715954e-07
4.850331405895137e-09
0.023826486602173274
0.038726198812692125
9.309081337845184e-07
0.0010295796297341306
0.02681590381924665
8.402486924766031e-06
0.018283513217715753
0.002150318517780672
2.4849181517502116e-09
2.339715377958425e-09
1.998046753702786e-07
1.5822386039603372e-05
3.012707593003871e-06
0.00023529776415452067
1.6833852658741167e-06
0.003401049527178085
0.1852055557326039
4.7776366198462585e-06
0.010321641137778495
0.04964968200122627
0.0007433926058929386
2.9262662412998194e-05
2.791300879276674e-10
6.705746610942526e-06
8.55627534627098e-13
1.1532808041260313e-09
0.04361802402212091
0.14658357235688557
0.0003097061788366789
0.0014588507743785607
0.001690026340178263
0.002360628432614844
0.179844615514109
1.51031036155155e-08
0.061354762925421615
1.0906666970217448e-09
8.853061293504807e-10
1.3899846689773447e-09
0.0004715530149346763
1.5068708622246077e-08
1.5049456971779132e-06
0.0010707791015555192
1.15486486521216e-09
0.11207675587777109
0.018327828779233085
1.3302072743950598e-12
1.092059623972329e-09
2.549234080609026e-09
1.3775943240151386e-09
0.1682030575632091
3.2138144901090584e-09
7.710612163424704e-05
2.479760919093765e-09
5.650125988215117e-07
2.494635223094906e-06
1.483157220726447e-06
4.204482383084072e-09
4.19627032134392e-09
3.724293032405683e-09
3.198876588557377e-07
9.068141835298124e-07
3.7171918222717993e-09
3.2078293109247798e-09
1.8080015407503407e-08
0.016233301036144517
0.17914979962988584
7.926656293525631e-07
0.0003938058403968349
0.000231311030596032
0.029596236474078094
0.00421172389815498
0.15840414095915975
5.613980967824406e-08
0.0011922315588489888
0.029969474652917494
0.07258805331107988
0.14710609728491308
2.2914247286827673e-10
0.17052125247824773
1.5743602700280597e-06
3.1041486074729213e-14
0.0006342040121715208
0.15693978088355626
1.0513374948758982e-05
0.12428583577157103
5.140501358952484e-06
0.009152115591226842
0.004182699743027049
3.255199148888506e-10
1.076607221768397e-05
0.08282373244112319
1.693600532977571e-07
3.137058261570353e-06
0.18282741410726758
0.10146620884142377
0.17119713282670931
0.15214736353289487
0.0020517747984540088
2.0110754419513805e-06
0.008046457443969274
4.516476861691023e-10
7.297425777259069e-06
0.008081060688865329
0.023164362072924497
0.000176628760028995
0.09530391494579202
0.0003297945813987217
0.13529150262759979
0.10769650084745343
1.3611088986001694e-07
0.14775670542783131
0.008499265227508122
0.03464422642708146
0.12101357489764186
5.34828300015698e-05
8.656638199844365e-08
1.5536623456847917e-05
0.00032757409015280825
0.06887876359055316
0.07994682038300306
0.15082710677770605
0.03456112304930187
1.2307632896443664e-06
0.1430748201361387
0.0012920344905871864
0.10472702844740658
0.02199300969416427
9.921810543345017e-09
0.1280457144729184
0.00020126375071310615
3.833733473554987e-07
0.13413930486519937
0.1636793243054408
0.13409110609842545
1.6160893347500506e-06
0.05066324355757202
0.06031824632326082
9.605528709639154e-15
2.094316047579103e-16
4.766929079686682e-06
0.15894212815900594
7.992237729130215e-09
2.1910904331142386e-05
0.18066652492003696
0.09550175165901843
1.088708248353683e-08
0.17766102651062216
9.72291143938727e-06
0.16439397318398602
0.0027780925935496706
0.12045152375784471
1.9278467239125312e-06
0.04334245088388329
9.638615710618805e-06
0.01199815742832171
9.327464186191302e-07
0.09127397910747818
0.1206343465879023
0.16512789285453777
0.1452280864374275
9.32195202059278e-06
7.090294368063377e-10
0.061437593928694655
0.19158104185737485
0.09427509539455592
7.397912192899474e-13
0.0014047627212338833
1.7093650195607728e-06
6.479665125926154e-07
0.02593925543235668
0.08826185931372557
1.2332582557843074e-06
0.01414766164784863
2.0066281447303255e-07
0.19942937443074077
1.619560270245089e-06
0.0012622247944424332
5.292011804088178e-07
1.5794489931304973e-15
0.17026038999409365
2.0907513092152204e-16
0.19244459191068505
0.0013232367139389383
0.19406582664196198
0.2164769246410793
0.17976741129545837
3.058569576961353e-06
1.4752175309128836e-08
3.703062477694715e-05
0.051173405049576945
0.06713159031442224
0.012246729202435754
0.0025761813997772533
0.13610068217706806
1.5079328442818954e-06
0.11508127649248152
2.1937440091697866e-05
0.23663031618164154
0.00026219712893319803
5.366220826596264e-08
0.04130132917804489
0.1564750395410185
0.16853207593300476
0.23205561294250215
3.750753038773271e-05
3.8053183685680183e-20
0.2543298736439913
1.569665719710624e-10
0.20025963252977352
9.117795124576551e-07
0.13708056817553232
0.0021406346477790186
2.3773043692466174e-05
0.2278719567632725
2.7587621536320973e-07
0.18648568087353207
0.00022407253835100434
0.173683264597636
0.18737630221845936
3.6333268471561855e-09
0.09906185275829199
9.773584422802215e-10
0.1805228040283623
4.424659125185532e-07
1.1741499362333897e-08
0.0003786162141152359
4.9872746101069544e-05
0.05827318610026204
0.004352843860892833
1.8022288617782197e-12
1.0788518657961832e-05
0.033747272288104514
0.0012626855638045425
4.8699113020684465e-06
0.018376390626285172
9.097162670723889e-07
2.049119897197386e-06
4.444018325061826e-06
6.388411967840097e-05
0.014411327004288951
0.18623708173504608
0.06916254888112658
0.0885228850886574
6.17489086421524e-10
0.30889554987510004
0.005391066792951703
0.13379640303051496
0.010506275801969705
0.07223321660353937
6.303755729213477e-06
3.018760436893501e-06
4.45329775515018e-06
0.1023106880126564
0.1686060399383964
3.1434110097468174e-06
0.1920592047964474
0.0024661370751919887
0.00015973843802651521
0.0009689980243501994
3.75942055183436e-05
0.00022357796666448986
0.0005654218091271098
9.176916241093975e-05
0.011181745964501279
0.02376056744174037
0.00044967969467088156
0.1884070259947727
4.99985066291936e-05
0.14431446994099367
2.3861809949491986e-07
6.405332396022e-05
2.6518426178249025e-07
1.3228066436399984e-05
2.1252044113460267e-08
2.0448784221233703e-06
0.19345639180951119
0.014447868407894988
1.364884564736678e-07
0.1977748606728893
0.000177215252006176
0.018684153497607534
0.2503112993813023
0.0005989049340675406
4.682301423361426e-07
2.9598260762560265e-06
0.09650153903656236
5.270939183716387e-10
3.880476774274748e-07
8.245421035408045e-05
0.013156320589615701
0.02253094068520532
0.14232285833040292
0.18903411040288057
2.7178091774884407e-05
0.003548105548153583
0.11250315177005743
9.302358014547763e-06
6.234654115588933e-18
0.011427736286337087
8.649801251247411e-05
0.010672988189086085
2.7118463893761563e-05
1.8826950178092534e-05
1.642511547297504e-13
1.571246316868274e-06
9.066414201990425e-07
0.059222044208264185
0.3579708508384426
0.004217313995424105
0.011153870931824598
0.0012950053347916162
6.465987633395365e-07
0.07833424336854922
0.0708432287499826
0.16117855139161433
0.04547162053844614
0.06537356996702814
0.16658710179453606
0.08050084737715578
0.00015263189187642538
0.18767652773801505
3.8716626530732483e-07
1.1879652502962944e-07
4.916361783017049e-07
0.17318224501630497
0.005769465512432991
0.04249295106803842
1.0521392418064904e-14
5.361709917918698e-05
0.17981975802386882
5.3735049024523203e-05
0.013343104543787801
0.006775093302230268
5.100856306950139e-06
1.399252175128903e-07
0.176696450603973
1.971053742816017e-06
0.1912367153378031
0.0004254777044153156
0.028733287333642398
0.0689642200903971
0.1472431739070371
2.3812781562572515e-07
0.0012677801520462034
0.06607822703316973
6.719514929077643e-06
0.0011894101432639301
1.0377553303519323e-08
8.158518143814486e-05
1.6800504478944898e-06
0.012214701060813023
6.374440650864713e-23
2.7628207451122545e-07
0.11184559117350819
0.13317955753761226
3.84943290837746e-08
0.1109362596218485
1.4254621582137357e-06
0.1768069778336907
0.15974997621139472
1.3621727443849424e-07
0.016015844381721482
0.1125754642419381
0.001410480618085858
0.0049481263766717335
0.11152731117848033
9.048505697492565e-07
3.7429389285037783e-06
3.582744678408646e-07
0.15709544653374516
9.535259610420561e-07
0.13465360767853496
0.08149619934692282
0.1547073336080456
0.040228040296672124
1.1458846491386773e-08
4.672605905965624e-07
0.01906720976444832
0.005587697435193025
0.0004020406319648539
2.2667777767469893e-09
5.936618089287264e-08
1.1384803482898112e-09
1.8866409576519803e-05
5.253038074901426e-07
5.284841456912489e-19
0.003538136667363558
0.17358105050762904
7.441689759845584e-07
0.08922345643543966
0.001967179378051378
0.13467933199025256
0.014111138629794765
0.04950388572389914
6.301323877362525e-09
0.12976259966610926
9.64970804786937e-07
8.722299428947653e-07
0.007686943511928903
1.0153471119811396e-07
0.00014342482695145196
0.0029778288207195553
0.0663823805718768
2.669778725942955e-08
0.00010224163990813313
0.10862986654783434
0.00010246862393840056
0.00018686925314869245
0.0011599201126439806
2.441250381640239e-09
0.00018728857392030535
2.1957686150869202e-05
0.06626359270671907
0.1506801349342967
0.0033075483600481796
4.074015154613516e-05
0.0669358311909461
0.00014712605854333473
5.583896032029208e-06
6.199684692757085e-14
0.01061358143196625
0.00026281242619414954
0.18741858268439007
0.06863021793307192
1.4037400379605788e-06
2.8243573094073047e-06
2.1221139260204293e-08
1.812270689636763e-05
0.0002970679174538876
2.6920241631519555e-07
1.4283503856895842e-06
0.03884217474264172
0.0504329146883035
0.00020172420477474075
0.1691721110482858
0.0003288841907229881
0.013838166945954801
0.01053473852042676
0.006132925225484031
0.03517014291670913
8.705211267760485e-07
0.00032814096583902994
7.56758738321787e-08
0.026979828532061278
0.08181385470604786
0.0014137624091723735
1.5562914308681403e-09
1.8080916857843726e-05
1.3256857254712103e-05
0.010350085300216838
1.961797424658048e-09
0.19371622254546905
4.524927943619053e-10
0.006872812920863251
0.0006018702365831554
0.1833461789425199
0.044047869958825876
1.273759881740621e-05
0.0698984602574524
0.1657821308518634
6.223170150193059e-06
4.174813802641678e-06
0.0005538044001644767
9.553766773471181e-07
1.991149193564335e-06
0.0005550731155594411
0.005846453392496293
0.009671239599183897
1.232377758582851e-06
0.013497809420530936
0.0011384682300003678
6.128530332089289e-09
0.0049944829636168545
6.114046403606877e-08
0.02348998180066442
0.08152077347735005
0.03574116734728642
0.16175362608226543
0.011530821241912464
0.0511250245583953
1.6705788658672524e-21
0.18117717258665952
0.10896347249480466
0.19048657501449018
0.03554768974302216
0.19121080958453548
2.6066801136065226e-10
9.9417006776772e-09
0.0009003955618351265
0.007758346875167866
0.0009024698587733075
1.2378436592415282e-05
1.0160659090992879e-05
0.06265067837030913
0.006541962967250378
0.0014765512529841451
0.12098644351006774
0.16365228194064718
0.11466600091628075
1.3775997976946639e-05
0.0692260510704257
2.730001064494466e-07
0.18099377060972616
1.8671380956092426e-07
3.408395151329091e-05
4.715027182818999e-08
0.009445603411188754
0.15117487143844902
0.1288351027423993
0.015768523001335934
0.019168202469090012
8.157304266471521e-07
0.013196652466143603
4.906827091701473e-07
0.0025930797051212776
4.296834482751987e-25
3.433705555929964e-08
0.00018934783475015534
5.025735818875569e-07
8.630309031297867e-05
0.19598162235529296
0.016076895271074323
0.0975370942816705
1.987171037208771e-06
0.0030647870314261445
0.08175723314825588
0.1905176967499346
0.009730180741589043
1.1029127611110251e-05
0.023551160552982356
1.1368810833781152e-09
3.7164995488205397e-09
1.4357515304542263e-06
6.316225041284873e-05
2.138284831787822e-07
0.17677932210401442
0.05549559790466231
0.08935670258778156
0.0019783203109511906
5.925595490627711e-08
0.08323469765116334
0.005806244519326907
0.0010789847845324497
0.1738280251879346
0.09073519400284275
0.0029850082077818516
7.427110653351781e-07
0.08435496230629982
0.0007672587118385488
0.18399284331417903
0.17677414272396552
9.617290207012973e-06
4.0230294483008385e-10
8.382765973710571e-06
2.1665649578122665e-06
0.00042413009627682396
0.13064018592007032
0.10181369490058444
0.1795406525697873
0.00029335013088847535
0.041561475033176275
0.09441384057842592
0.013917755923234727
5.902420722119736e-13
5.665072087340845e-06
3.095453603627128e-05
2.697162152564588e-07
3.1992122218769035e-06
6.236590962960533e-06
0.008154709815599934
0.1788866624621903
0.001473123198787702
0.003266847117747047
0.0032590564963022304
0.00014308891294272596
1.9859435460935283e-07
4.627579380613756e-06
4.2007096278443466e-11
0.1912350004666707
9.10432054189081e-06
1.2299408043090102e-06
0.09709145266289876
0.00037776667592156365
0.13131357469579408
0.18025131424473034
9.471070789575073e-09
1.6342689362742847e-09
0.00541518809121234
1.7373495262326708e-08
0.00817535351430756
0.17785704881208578
2.1469934422253845e-09
0.15255908225737871
0.014270994053660174
0.011094679073420575
8.64209860355089e-09
0.18061080517690972
0.15353534433607063
9.369707366509339e-05
0.051265322346683406
0.09469822003010814
0.01873448438940893
6.557821939911741e-06
0.06952883560535592
2.645951007567284e-07
6.853469488200731e-22
0.11192640730107128
9.262695574967868e-07
0.16734659319493997
0.01112301016406905
0.21363190353292488
0.1505824737145094
0.01464464015204522
0.018799864029300246
0.06382397650148022
6.347807537813581e-11
8.092902377236204e-10
0.001076511086178186
0.1447986564198399
0.0030316221553109706
0.0007655250133462354
0.0015026548492946574
0.01884888857755312
0.03414067091153128
0.15095278635849074
1.4349753373441508e-05
0.0352820215722122
2.8238255165963745e-10
0.12927016037918374
0.014682516158198159
0.0006161139775981596
0.17199952316822903
2.9162254662805893e-07
0.00653614968555423
1.4328719504750281e-06
0.1129017311927372
0.12418322768099954
0.17044262554628856
0.0038397160777299045
2.1621662547320732e-06
0.014781528352938585
3.1926824530221695e-06
0.15577443969041485
5.834126575729624e-07
0.00040293785813098193
0.0021519069508253398
5.035778637546615e-07
9.085130551202295e-06
0.12149511682458494
2.0287627127645819e-07
6.126555061232842e-11
1.4677798955267638e-07
0.014313326764573107
3.0192355623014508e-05
0.1502955782180304
0.2478546783996082
1.6752488966362468e-10
4.0158145112010023e-10
0.08967910209873126
4.618037473682319e-06
0.2959113863839979
0.08073910491815567
1.3818112974514271e-11
0.012284587614875374
6.604572482356334e-08
6.998420539780966e-07
0.018135857202996736
0.006492736496021942
0.0002213730769978045
0.0896226289169424
6.434567533401138e-12
0.0019735938741527316
0.17420441066907472
0.12096854668459621
8.570726381203156e-13
0.016243730859430476
0.16080166069982785
0.13361682472180464
0.15511069275426628
6.544163193305105e-06
1.639658121629812e-10
0.13563897421371585
0.01818242200670399
0.020203259872909298
0.09788218671422382
0.009102293768813274
0.42461446397648417
0.02980787160590365
9.281042180768926e-07
1.9579165048183613e-09
3.273902497724285e-08
4.381591763915399e-07
0.09346378029521726
2.60209881506297e-10
4.3731005735801826e-07
0.005879458315547037
2.383518677087889e-05
0.0030978776223978457
0.0024603343985277084
4.705850058501192e-08
0.17850666684133898
2.8183001323922896e-06
0.0007793776804037227
0.20148164575675462
0.24357819657640348
1.3933130403188852e-06
0.022344016359467925
0.1944982201623764
1.242582958930716e-07
1.7551003485415214e-11
0.01352064876951871
0.0006175118952539751
6.140129221866279e-09
0.0009626341239570986
0.38478797570066986
1.2113841389197914e-10
0.0003546314976774314
1.5519191574709297e-08
1.1000746547802989e-05
8.416882974462582e-13
8.723578038424017e-11
2.024729490463393e-07
0.2752831988170103
0.06403924470197055
0.16794605187984726
4.0557911561750033e-08
9.630425981037457e-07
0.16076692032681378
0.01353188670293176
1.4648890500310047e-07
7.793105625175149e-15
2.8033473679894856e-11
0.14717774714162837
0.022407712916306843
0.0008232227559171005
0.008397891172268804
0.06538897734437317
6.288968476200839e-09
1.439575447932384e-07
2.0576956781947372e-05
5.802952572416287e-10
0.03415813160293515
0.00962883413191263
0.0008119330051707069
4.1931645628148185e-11
0.0449943304550772
0.014593614513189227
0.0008251132460674467
0.01423214864994512
0.2396637320611682
0.03295675155011818
5.890566924434516e-13
3.6406008919871857e-09
4.213177450898848e-12
2.1423953591414853e-07
0.0058209060748055375
0.007513064170882231
0.008973470638750815
0.008418659107189011
3.4160100496505443e-05
0.17753718871983362
1.554506116024668e-08
0.003998917542453434
4.3662992288343894e-10
0.011608529364123515
0.00999184463996177
0.025409097421695413
1.3319662648088786e-15
0.3174636277178914
1.6787797926337544e-10
0.20569342613901792
6.115456251904202e-11
0.041769966638555235
2.46335301116742e-07
0.12303389130704416
0.015456169797153758
0.13017370790340038
0.26416244354918644
0.007533569411549189
0.05198757376105565
0.1444328716595225
1.4427503084410662e-07
0.009652780217511436
0.17345616057117844
0.0065580031251566365
2.411874233809997e-06
0.0004250932533633798
1.0318517197216961e-10
0.0660416417211668
1.209139588402763e-10
0.03984739482249554
0.009475572758239327
0.16414718280087104
0.16974781209664233
6.113354723215649e-10
6.617594483180792e-08
0.014245606327836714
2.297689606219262e-15
0.01156005537356608
4.4013186262548877e-14
0.0057669910038772474
7.780420198337215e-15
0.18009010156887253
1.154191586222758e-15
8.707648347291119e-11
1.3961306534956288e-06
0.0701649486844362
0.00021956381841481507
0.005095873322226203
0.02625511439821808
1.396594447482173e-07
1.0960418015513016e-16
1.0068166071241894e-12
0.00020352605542768722
0.09391193905936356
0.024928479964222157
0.19020700976646462
2.5072421892678593e-07
5.813368638599881e-10
0.1921780628947197
0.19190592547606541
4.921412662777551e-15
8.263143360054839e-05
0.14171116888714916
2.7174806092697026e-06
6.872659921085323e-07
5.6715144662602334e-15
1.548330632575051e-06
7.581258285630246e-08
0.19998238929969522
6.921402749246008e-05
3.091980536168834e-05
2.8081751474998587e-11
0.014809374174771574
1.102012126181396e-17
3.1954582346335315e-15
0.0002039821902072275
0.14730593770735848
2.0685526495422066e-06
9.331813037151564e-11
9.390412742335694e-05
0.0038635169443422056
0.024293293696515436
1.6353796332304318e-17
1.2448541723391323e-07
5.029995808571382e-06
0.07312385481061537
0.04983456884081928
0.21612605393347897
1.891514607371119e-15
6.33943664029938e-11
0.24878485590301924
3.968588278138686e-15
7.921278860024017e-19
0.16856939470287557
1.0334932228511333e-10
3.206338999436175e-07
0.0031600686880175594
0.025057734284055135
3.842163214283311e-08
0.06971272461502119
7.012680554353375e-07
0.018287639319532735
0.18174514591589605
5.242469630332088e-07
0.16928978429180636
0.027449191213822336
0.022390986476831437
9.526523053714979e-12
9.349667267270452e-11
0.2785533314587146
3.754289408248004e-18
6.423232577114861e-12
2.2934183117772713e-15
2.4453205187322112e-14
1.3600308367317079e-17
1.894303977267721e-15
0.2589321402324144
2.5120605145297316e-07
0.0621869902695544
1.6354622755756757e-16
5.355587387316411e-17
9.543426805641445e-12
1.7584909946074832e-11
0.26072680809577653
1.5692191453007686e-08
0.024772180120143546
1.3301246885537724e-15
1.5661656698867924e-08
3.189998332444832e-15
0.0817811434357563
1.7968991552606693e-05
3.683351785866146e-06
1.4448767635426385e-14
1.0358787107553652e-08
4.06396681060535e-08
0.006233303577040725
3.961855472357198e-15
1.6249415597847373e-09
2.6674574373592926e-12
0.0009718750719795852
1.1723585171277565e-06
4.279343891847215e-21
7.004393984837141e-08
0.002166002967032704
2.6751243768275413e-09
0.00857291317151267
0.0013701293197490331
0.026054115402490457
0.014890561784970967
0.022813373803949478
0.0021644870413106087
0.18580797588793416
1.9670181052042394e-06
0.001511291165431157
0.002665823600217974
0.0016432968941501546
0.007039443757849812
0.18661298830810363
0.0013607242674809309
1.7703767165552378e-11
0.10536612671797871
3.6476190786106264e-09
1.4171094975434376e-08
1.0998736428754961e-17
0.16709205798950708
7.316351947280602e-08
3.9425238485461415e-12
4.3747148089140055e-10
1.1731060671686884e-13
0.00708505835673225
0.0009648031711989146
0.0960786786010188
4.1085387181445106e-19
2.6394174070553584e-18
0.19324914991119407
1.3577761280227176e-17
0.058512181456869136
0.07830523844518902
2.54895563248141e-07
0.006997638622639457
0.009792673625320785
7.326456874910246e-08
6.991003795534662e-08
1.5515233960326426e-06
0.0022544026894598004
1.6281220412963504e-09
0.004835231462331942
0.0011665703962741526
0.0006005233873304903
0.004804388360131879
0.198511110919784
0.2026854799794191
1.7735729218886357e-11
0.017845280529694668
3.6756806835109567e-06
1.5582916815261344e-13
0.04654481375114817
5.028112897002531e-18
0.04102160645042081
1.1747480207475767e-06
0.1904865740738948
0.04322897071134019
0.16649932205910614
0.021046129325267816
1.593837027791841e-05
0.0026590556929600943
0.13719446371197666
3.439912056581403e-08
0.10125188324561266
0.003461475985429614
0.09390574855965338
1.561052609507283e-13
1.8950941584242076e-14
1.8098045755794277e-05
0.005207713286906353
1.950993615535077e-11
0.008192898374951697
1.2271934582597307e-15
0.018600622912810765
1.7203096502456215e-23
0.029076828431272364
4.716550721529052e-10
4.220556262121035e-12
0.1458959961399934
0.06782450911690734
0.16814920351627133
1.2292904990417584e-15
2.8497935226544203e-20
2.089425799688719e-21
0.009850702157436646
1.8918147833436496e-14
0.0420755289627449
9.231791213971003e-10
0.18557016246857144
0.002239120870117684
2.4496273051963406e-14
0.1730845270005712
1.0669285013921133e-08
0.15391080933375148
3.7490374461984406e-18
0.010680962328145024
0.021170467279539102
0.0022212514762448006
1.2524897975085423e-16
0.19134291971053263
0.038687360911418486
5.037645144369085e-18
0.15110103189286883
9.675542873604219e-06
2.224302973209178e-08
0.004009004651283917
1.6382319655355916e-16
0.00025052186357576604
0.0044445391144823584
0.18745107694996632
3.0836932558448577e-29
0.005193162978432546
5.76129397181312e-22
4.9884089633442465e-05
0.05599753855983286
0.003870066355029863
1.6112932673875283e-05
0.000315299958332427
0.0989721407579585
2.723114106710543e-06
1.1343183773511003e-08
0.003564873035309524
0.18330559835528637
0.12224118083138664
0.18405162535539762
0.0004616142998330574
9.338214555378444e-16
2.955654815456355e-07
0.1449113108067146
5.098721812869093e-26
0.007548428417749137
0.15843242698569482
0.0007775199017983704
0.029534412102165165
0.0013747200667361052
0.12461933998871444
0.11031502255789886
0.18815102567675815
0.16120772575106898
0.3005972075467815
0.04349026809206936
0.005108198317944779
0.10463528520124347
0.1891572480281278
0.00014950333496247727
0.16591416418211508
7.987752754741107e-24
4.999191289320623e-05
1.153921627810776e-11
2.5153950345355923e-10
3.8053590967908896e-13
0.0010505803231050431
0.00031405698473704354
0.09335576917166573
0.007567010361728667
0.16147635645951583
7.453920719680864e-13
0.005780969226018946
0.1897475967730042
0.1421945296478965
0.07726854431859943
0.007019510049055401
2.6802377705273484e-09
0.18690581405701928
0.00279631319875467
0.03178435984164653
6.93655019532801e-05
3.854844729010394e-09
1.2552322796632625e-16
9.688073684567278e-17
0.010654393077865263
0.18757583950278986
0.1394185689117236
0.00014983398469012565
0.04122270729474267
0.05785162293414263
0.12209239969712501
1.9208243556668987e-09
1.442376926198632e-14
1.34887333579201e-09
0.24439290105732006
1.008621558170577e-12
0.0016400122439328925
0.003471209360156751
1.6293946455084758e-09
0.10902245303558572
1.9244587983812334e-09
1.1365127335704861e-08
0.14841564675847224
0.00010712255443232973
3.280234573329464e-08
5.5191837009034255e-09
3.506192496291806e-05
0.18809189409603247
2.7318147790667383e-07
0.11221385196741337
9.350553771242158e-16
8.009990696477058e-09
0.11061082169216328
0.004286598979894607
0.17655124687150772
2.687127337871583e-11
5.574278950912646e-08
0.18102461051217678
0.00019286456249799727
1.3463533069156514e-09
0.0005291228213523432
0.00019754220918238985
3.5136963010359645e-05
0.000624424753298801
0.12881604853257694
0.19078750740663614
8.336374125599788e-18
0.19151615371002773
1.6392873217312022e-13
6.223489407456052e-07
0.004296822766928506
0.035836057684738264
0.008213103067868885
2.4103085586749364e-05
0.001265691763122487
0.049980945691422925
1.3793386721567284e-11
0.00612482082095741
0.03530696959027459
7.647739527911021e-11
8.025310971174907e-09
0.14157554991795224
0.14821710895805715
0.0017081549261105968
0.06892161533460102
0.0005303205890140265
0.20056587455962321
5.353126814987116e-12
0.00046052786118942654
7.47878439789106e-05
3.7986669435551775e-13
9.047765417983963e-05
0.13553051833184995
0.11277511014105654
0.17643009291255018
2.405213345741972e-05
0.09071134932045595
9.214759728959576e-10
0.07498226535707134
0.15737936143671172
0.1795152488447623
0.00010735788799105885
0.19176801420153342
0.1784952420032537
0.07015769843489504
0.19009826248605502
3.949621485784466e-12
0.18689107992045909
0.1958505437326425
5.0920582062474385e-05
3.841448480816307e-07
0.05182430994587936
0.05061678721878892
0.0061396444342511625
0.0578405227256065
0.031468049776513345
0.04770926702723373
7.49489826286861e-05
8.283133241905597e-08
0.21833712779281636
0.0013706793360394617
0.0008143110936825023
0.22660564378070078
0.09123454916719032
0.001703814590735558
0.14871971408481105
0.12256069541815394
0.05768357396919656
2.512488293851688e-10
1.607926741718676e-05
1.2711413586813047e-05
1.8331382795121178e-07
8.677730144624265e-07
3.384411669512688e-05
1.033974983865198e-07
4.597336258494602e-08
0.00010296499880169863
5.3628591321753475e-12
0.00024977333601783086
0.06693693085559503
0.2716895688975704
8.23645590416634e-06
0.10089934067326145
0.06040623449695306
1.3332540450045415e-12
0.12312397570099268
0.03875639747558905
0.16581567173604742
0.1453430550244338
8.361603497461068e-05
0.07974432795037706
2.6822069174774465e-11
0.1823203939095521
1.0867091883812517e-08
0.0006228156542124932
0.19232023674421483
0.0004014202312278119
0.19357695994876362
0.07520777174961871
0.062144988233099864
0.18453262808453946
3.84782749833036e-09
1.4505544373425144e-11
0.3036987563025868
2.7372262661155714e-07
1.2706082946867671e-07
0.0030990642623040018
0.0024141527433982797
1.4532929491146633e-11
0.0003535442534984412
0.0004599954571411552
0.006547778132939424
0.16532071325992853
2.6430363115232845e-18
0.03629776677849909
0.0048615555574950875
0.27529651476189015
0.00029400390459832147
1.1902432527673312e-07
0.10731649316789332
0.0020565433772569415
1.9714099658746876e-12
0.0628266364946738
6.213628911438698e-11
5.416814631452757e-05
0.005330196274820211
3.915096238886146e-07
5.7091899470903785e-05
0.0777060952057371
0.0010532467757045304
1.9316899383874344e-05
0.0004507735474335024
6.501674816882692e-05
0.0003544413123286522
1.6412785636330424e-05
2.178308229209282e-12
0.03145471875062385
0.003091789037142715
6.775894454848166e-05
0.0001923702869050403
0.032808745347971624
1.9545329244266197e-11
0.35884074235139474
3.222519465331516e-13
0.0005799811457209134
3.5359018365679565e-10
0.13174808161281967
2.950365440007571e-07
5.102910699257859e-05
2.8346956679041082e-12
8.66011770999181e-07
0.0005821355254389274
6.515078762785397e-07
0.07125485095475739
0.0007183907622317972
0.0623228569181167
0.0002503228271465439
6.861922841099881e-09
0.00014745077430206217
0.05419291907032042
5.398005860638064e-13
0.33040877523504936
1.8882014839871246e-07
1.6903661921563918e-07
0.03521095657679797
0.1283975506138305
0.2819009586450262
0.11228501418211272
0.001253997219000359
0.003953986076430096
0.04559399436498062
4.845575396152944e-07
2.928970525295599e-05
0.0004613341858607389
0.10868044344741278
0.00012856090024602917
0.0001971036323831265
2.6879693534238124e-12
6.52796419305134e-07
0.0569202651007929
4.2895472585447125e-07
0.295304939522069
0.1814320967085636
0.045674943066998576
1.2681606160284867e-07
1.9748490123056833e-12
0.11128066343699988
0.1236453772340736
0.07963437286794571
0.1552358435661805
0.04095922304082499
0.050122220161010096
0.16709795671464253
0.06942401071683248
1.8918868363725116e-07
0.04572064699762563
2.703711052486645e-05
0.18811064489985352
0.06099937286451447
0.194002099429598
0.04320922407408021
0.09364842112185495
0.19123964819726855
6.790382145662796e-05
0.1857011944023068
0.04107185269982805
2.6096888401035715e-13
6.626749210872537e-15
0.07146744470641997
0.036200357126412404
8.267449769223431e-08
0.0001745433225315709
2.8296322595899948e-12
6.235907778870853e-07
1.9489455354703968e-07
6.8735817403394675e-09
0.04216331754597931
0.15419837003581632
0.31704332212901404
0.12472410468493268
0.03138513997757258
1.246941781390841e-07
0.10772448783203359
0.13798315431484873
1.9526733535201206e-07
0.0002472126303612937
0.00012797835889419475
4.3484340788470497e-07
7.702701807649907e-08
4.3570640897758383e-07
0.0657048562815341
3.695190371391813e-05
4.4082599602734355e-14
0.07444439337343418
5.0536705442138724e-05
0.04197121030625226
1.6508004235763379e-09
2.5974137237245188e-06
0.05152809697886779
4.153823701170389e-06
1.2493071406366272e-07
2.956101024853959e-07
0.05403864750848516
0.0001031906353029304
0.02654931298853755
4.3312384429620056e-05
0.4262421896122954
0.0570823021713367
0.05137898761661782
0.34150422141771036
6.157615688153861e-07
0.00016919297333602728
4.340367525781659e-05
2.605719575289972e-13
0.0010322002928542012
0.05151985804800244
4.6592014356142504e-23
2.6980677902573007e-05
0.018537446385699284
0.026893335519183294
0.004693181651783092
0.0062704498229018985
1.6379316608167835e-05
0.0005980094453056381
4.0485399842629854e-12
4.29792721378417e-07
0.0002497790575613674
2.151179855970941e-09
0.00012884229343666098
0.03182340371883057
8.151049156122738e-05
5.4282584175532485e-05
8.168171431289199e-05
2.7336869539395285e-07
0.17340394832820188
2.7389493631669883e-07
3.2193676138855097e-08
0.00021221542120735169
9.173865707913959e-05
5.2571965022974144e-05
0.14352586785808447
2.935036351149471e-05
0.1773807947266548
0.13183198555271136
0.13145809650097628
0.1781181246724703
5.513229084960948e-28
4.6524682771416564e-05
0.18352485803708504
0.11940605714456767
0.18432709501049666
2.4862504838540292e-05
0.16462100421257345
0.24602734481690025
0.1441793464678848
0.1828430582576957
7.942491650518783e-07
0.16446521720554894
0.0001539984140950006
0.17724164434010012
0.15056429561439852
0.018424334648091338
0.16392319172604342
0.14372609864666466
7.688313488463749e-08
3.9877463906393464e-22
1.792777149500161e-07
8.48967361426052e-13
3.9072903611842887e-07
6.698483370686321e-27
0.11884701610100287
8.379282077112003e-05
0.14993899955437154
8.460707358717848e-21
0.13073180818070698
0.00024776556666453333
0.1677400029550759
0.0001459794078393125
0.3936769094631509
2.3610387442615667e-11
0.00014629398039949943
0.024209994535626528
0.00012826161225432743
3.838438951589122e-10
6.9987904372292e-05
0.01255250742414094
7.013668149616033e-05
0.0007286727871368325
1.5854884346978833e-05
8.219961482631963e-06
5.111652005440553e-06
0.01869911898251014
6.453577360891809e-05
0.3760590540546399
2.5283211265344588e-30
9.00426441007236e-11
4.666339682402861e-23
0.04487496834342253
9.15417305067565e-05
4.5997889032952003e-07
2.0071667199699926e-06
2.91426534368232e-07
4.105429569080338e-13
1.8363974343969715e-07
2.3713483775308046e-12
8.642190831313641e-08
4.6428065950657834e-05
2.1318264988746548e-16
0.03875315610327684
4.0592623558406213e-07
2.4192151621172887e-08
4.040032569135994e-12
0.00023790281583921036
0.024079209368404537
5.119925685861397e-08
0.1876443445253258
0.19051994731593036
2.48104264668651e-05
2.2008888192193098e-09
1.2614941580053418e-08
1.28609380621651e-06
1.0985607622643667e-25
5.1281922317855854e-08
3.865549068378802e-10
0.006242427714029043
0.08595330968479654
4.4516782901746145e-11
9.324993143541748e-10
0.14771039201357652
0.14981131478182025
0.16421161146501073
1.1051864404215714e-21
5.779149075709288e-22
0.27464881268030183
1.6076476929036252e-05
0.36768517483370367
0.17833313527750147
0.38855253382341465
0.18460691883279276
1.2886806792315516e-06
4.0617127893766147e-07
0.14581342155105984
8.755160941572572e-20
0.16469174182433174
0.010441071511117679
0.09470954750077051
2.067713604332584e-21
0.14360512243005266
0.11183150933454736
0.006139137451478091
6.181983064094901e-08
0.0785585941629519
5.202317210194957e-08
0.10165643855843595
0.0007323777982066116
9.655501173796822e-10
8.450416815927209e-21
1.568633788626662e-07
0.02673310656198929
0.006513430284299007
0.01345967807147943
0.39976047172413376
5.678496444120523e-15
0.019816885502543388
2.1068845999482114e-13
1.4424963627035716e-05
4.292335570540294e-12
2.653244276781765e-07
3.983503801345823e-22
0.013538993933827827
5.517818863055922e-28
4.546205782965359e-30
0.00021217612924227518
1.3295572700817242e-11
0.04475822915227939
0.03117897497966433
0.041501125922374656
8.214000495200952e-05
5.850676488396245e-06
5.358923288573281e-11
4.113176026019014e-19
2.3402459182789215e-10
2.972906989036141e-14
7.251091612904002e-07
0.005946249828756584
1.9363661420636483e-05
4.767230965454186e-06
0.009438880212608938
9.95742604344109e-18
1.0702490845757639e-11
2.3941229356480095e-13
1.2158830731411131e-06
0.08954324062046623
0.00341913058650151
1.8140173762904227e-08
1.444854876960549e-07
0.03458301212653285
0.069956316737118
0.0048906018563556275
0.008582481977577116
0.031335244949450274
2.704090296632503e-09
2.6336656533143646e-25
6.258775446478647e-08
3.8565568466711574e-10
1.6523321566547885e-09
5.862416188789031e-22
2.343863866294512e-09
4.5901273716907256e-09
0.026572928210884028
0.02623051299926344
0.01829859248106276
4.857041928317221e-07
6.351111509212203e-05
5.2125483554127135e-09
4.884704365407203e-13
2.3929162588904697e-11
1.2664186118333892e-22
0.014381338164765544
9.717876073778017e-14
0.0025990530044956647
0.0035883789843952963
0.17895337728768215
0.146347647774911
6.403050379069981e-12
4.278613046882123e-16
3.912176627198826e-15
0.002812967853618569
1.6926917173529717e-11
0.07565725226984904
2.858086465616045e-20
1.1261323483579265e-14
4.964630485998541e-10
0.05134528507955223
0.3580954085626497
3.666271123952007e-06
6.535578640891321e-09
0.00023588499018360347
4.60780024505106e-19
0.00664066012412623
2.799153649778673e-15
0.0035905307455826093
3.722127398387269e-09
2.85450450135071e-20
2.362220510413162e-09
8.840824387361422e-10
3.112486753636286e-09
9.349298786450091e-09
6.629033397601319e-17
0.0007973796214205608
4.190058303510807e-05
1.6634094636671564e-07
4.4603359507091876e-08
5.457519363587212e-10
0.00023854164817801895
0.1428194525059375
4.791023419654338e-08
8.151121783801862e-19
0.1777722966561774
6.532749182283839e-16
0.00162875187659792
0.039534124269532706
0.0001777948301310504
2.1131906415022294e-07
0.06980340525280933
0.00043439923249167936
0.07240605701730282
6.598252107572555e-08
0.13840537770989822
0.0061696808423196735
0.4494233275809931
1.272003755380225e-06
2.4721299502451467e-19
7.200718824920118e-09
1.5172376402901535e-10
2.1330468877966216e-16
2.633465684723497e-17
6.016879663784471e-16
5.349529229485578e-11
9.622045248428539e-15
0.11276712103983282
7.62579801677327e-08
8.332559063216866e-16
0.015695512781216885
2.7967835613434582e-05
0.04667100471116604
0.021106294396103557
2.7723015670123177e-09
1.725086813304343e-09
0.17057328691411044
5.62113813541465e-11
3.0537595935338835e-16
7.647666631790622e-07
0.009084009407155522
0.0025000561641348503
2.6674010361059765e-06
0.4245520516900992
0.0007368410258538596
3.8065369020238064e-08
5.184312732770241e-10
0.14688458289043602
0.15943233394973788
5.75605534370874e-07
9.696583662254199e-17
0.08249205045889947
0.008410622083461218
6.468869839027667e-09
4.181238039452703e-05
0.02998901770236374
1.6167831738238431e-21
2.3579660959840053e-09
1.0642200443623925e-08
5.766186993963506e-22
1.0668958336147389e-11
3.904971176874491e-15
0.3077492419857651
4.0693933401457975e-07
4.285659030827196e-12
2.0962158634306483e-21
1.2290732944010374e-10
8.464211998392465e-22
2.967899309959469e-14
0.10447693729377407
0.011222048049123726
1.8240876267097242e-25
1.5852709408732776e-19
7.185639264970113e-09
9.529043638092962e-10
0.0001220093005510904
3.9369762670152284e-11
2.0092522172569435e-26
2.884094502089151e-06
0.16170994936789754
6.342119773690484e-14
6.8665563807574094e-06
2.524986786600884e-30
5.725161400672963e-07
2.1474447837045285e-10
2.878461773143404e-06
0.06501103299541912
1.9275331484235794e-20
0.18022440836523276
6.77577443853556e-05
0.09224289769035257
9.255563553473048e-08
8.981296010776233e-06
4.715926766047568e-08
3.294144858422243e-06
0.03774128983039973
0.05685731035617642
3.049487034517092e-16
0.010416197980647295
4.086299360164115e-15
0.038220696054017365
2.637667883629389e-25
0.1097710526043209
0.05694888472550931
0.00031434534987308
5.370882965037497e-14
2.2385769988078702e-17
1.1483741279084158e-08
0.16061120283161903
1.0732278276416608e-26
3.4570038862296994e-08
4.731894902444743e-24
2.9969505126184664e-11
0.034422503054629745
0.06776711976561262
2.2039806182502326e-13
2.221389331640947e-18
0.03535293641459907
1.4418286613168681e-07
0.06323073023198801
1.5151887213876177e-09
2.13709410507955e-16
1.5140633730654297e-10
0.1271809548027714
4.8993282495122764e-08
6.521543548955228e-16
2.041247842913268e-09
0.07638487406686452
2.117809476235946e-09
3.1262559962042486e-24
0.027102511110666454
1.3760944423590332e-20
4.144085916789856e-05
1.9379243257815236e-06
0.0059045841590435865
0.0823007738761375
0.0919815607468153
0.026590364687391507
3.6107455082781066e-19
0.004813259215717056
0.010521905438274602
0.4348703900578129
1.2673010613085024e-22
1.848048355233227e-21
0.1719549605617701
0.20308747827962778
4.66753837731462e-06
1.0715688111352164e-26
0.010707929590943244
1.2738056865119866e-06
4.284513493663631e-16
8.470602889024338e-11
2.4992405314728098e-08
0.07289415932592914
4.779487600742122e-08
0.16761087227559557
1.9279550416407203e-07
0.3270176166809998
4.596064524489002e-19
0.011252953836880977
1.695979718766835e-11
5.359856639133621e-14
0.23223991871290717
9.329166500161099e-09
0.12756411777271143
0.0003898733703937813
0.11398977003767732
5.346982690292415e-08
0.004816803708877225
4.972493791265931e-10
3.818580624659931e-10
2.0929854343000984e-21
0.010384937531981704
0.033082363209128364
0.06486467141390137
6.978850292904698e-05
0.038368177597759553
4.093644520729352e-15
0.0025507202031259655
5.210938153824066e-08
5.365994264301087e-08
0.048307632424983746
2.630481136650554e-08
0.0007206924575342028
8.964924714018426e-08
6.619426690042431e-17
0.06333854374285292
5.446876208997435e-10
3.4498912897641626e-08
6.6327377728919966e-15
4.2945274032287003e-16
8.673350045465087e-11
1.378535585307503e-20
2.2527875969544306e-15
1.607970004699831e-09
0.14312734159098853
0.19095706751329652
0.4230473205462749
5.378079434288198e-08
7.102995919860481e-09
1.4800293805916719e-06
7.213440212136234e-10
1.0084854573310582e-06
0.21896994463078745
0.05117184967297443
0.1343708899506398
1.905411762315719e-07
7.0832338959304366e-09
3.5944370562168976e-05
0.004670122067334715
2.3648975834393105e-19
3.5940958571139433e-09
1.2733877202023512e-09
2.2023116050646417e-09
0.02455003845585592
5.6104248923731966e-11
9.191199244194181e-10
1.4005862172988512e-16
6.36393633651143e-23
9.174351968237071e-10
0.06526208651276534
2.6148552099788954e-10
8.313642059640781e-16
3.960468397037876e-11
7.639305165712284e-08
1.821694171896488e-25
0.39433802416361646
9.639659496284855e-15
1.0141755280615137e-13
9.977260992699254e-09
0.042392944821641645
0.03199614266726442
0.004450149776195541
0.0017363600041511921
4.7760963802411686e-08
4.944282494092654e-20
5.637718702574269e-07
1.4371898684749305e-05
0.01719736610598252
3.608202263362942e-05
4.302399605790823e-25
0.26124133447495684
4.0288046990064795e-08
7.342609006949007e-05
9.395036237012979e-15
5.298880896371247e-07
3.0227447923196517e-09
1.9294336526862104e-06
8.771437309489344e-06
0.14960295922376057
0.15118460426804575
2.66996748988191e-12
0.07878285736196182
0.4676000836921387
1.0341175836636466e-06
0.06216054689272801
6.455704753925908e-09
1.6411305649651045e-10
0.0121735810351636
0.001123089324051723
1.398124897269447e-16
1.6143099243832504e-21
8.17876263490404e-05
0.25673708104416715
1.1956705630822674e-15
1.787791469955154e-08
7.672144462891403e-07
0.0024923014958219193
0.035233435130443046
0.06142223847069911
3.644274262129373e-10
9.951341306114387e-09
3.5675727043823337e-10
2.425236111908319e-08
9.744143022992643e-07
0.03182155358541765
0.2727136787085942
1.19784208488741e-15
0.07895199692990557
3.2606368909872936e-21
0.00255976907592993
2.1508737767952531e-10
1.0719701784080144e-11
1.9249947177140643e-20
0.05734686832384283
1.1553020142988424e-14
2.4681082372860917e-19
6.515397258819383e-24
0.023609359405753854
0.050011057002866136
4.307843424819147e-25
3.594083543039249e-25
9.760861554572078e-07
2.3673364954023355e-19
2.4942444221300783e-08
1.2272023358300247e-10
0.0576267490119668
