1.5314137094887446e-14
5.732726817516593e-14
1.9810087980370995e-13
6.319285885126402e-13
1.8608271923248325e-12
5.058252742794995e-12
1.2692624997351617e-11
2.940077739249627e-11
6.28669831624377e-11
1.240917381567867e-10
2.2610988906862165e-10
3.8032308528395593e-10
5.905303998874576e-10
8.464245923519755e-10
1.119929612038571e-09
1.3678851170923804e-09
1.5422861628482913e-09
1.6052280551856116e-09
1.5422861628591402e-09
1.367885117111625e-09
1.1199296120622169e-09
8.464245923757948e-10
5.905303999082297e-10
3.8032308530000655e-10
2.2610988907972092e-10
1.2409173816352794e-10
6.2866983166041e-11
2.9400777394238015e-11
1.2692624998119193e-11
5.0582527431059215e-12
1.8608271924406434e-12
6.319285885520142e-13
1.9810087981585253e-13
5.732726817856656e-14
1.5314137095756973e-14
3.77641971319722e-15
8.596554538784482e-16
1.8064461966408046e-16
3.50414509619979e-17
6.274737640980594e-18
1.0372071559334867e-18
1.5826754961520464e-19
2.229331712176339e-20
2.8987712865355495e-21
3.4794423820361277e-22
3.8553320526753156e-23
3.943395806308559e-24
3.7233631218093487e-25
3.245314999970866e-26
2.6111676867433297e-27
1.750318043975822e-27
9.774700938087699e-27
5.039024026708358e-26
2.3979814592999566e-25
1.053420229453663e-24
4.271829679547897e-24
1.5991258542408048e-23
5.525960833752009e-23
1.762744634606351e-22
5.190718079267372e-22
1.4109834631510296e-21
3.540567244441506e-21
8.201253044095353e-21
1.7536544362470566e-20
3.461499441737687e-20
6.307263210339029e-20
1.0608991113736332e-19
1.6472657083455862e-19
2.3610743933744253e-19
3.124007919029757e-19
3.815671888830562e-19
4.3021580413335266e-19
4.4777324417183015e-19
4.3021580413738465e-19
3.81567188890184e-19
3.1240079191152396e-19
2.361074393456596e-19
1.6472657084136012e-19
1.0608991114233698e-19
6.307263210664392e-20
3.461499441929507e-20
1.753654436349382e-20
8.201253044590502e-21
3.5405672446593675e-21
1.4109834632382326e-21
5.190718079584966e-22
1.7627446347115239e-22
5.525960834068519e-23
1.5991258543275572e-23
4.2718296797670166e-24
1.0534202295044936e-24
2.397981459406704e-25
5.0390240269078595e-26
9.774700938416215e-27
1.7503180440233305e-27
2.8932562671017444e-28
4.4148227977701105e-29
6.218649679373126e-30
8.086030012093973e-31
9.705793505389495e-32
1.7260344189430814e-31
4.5443763553061914e-30
1.1022970298238047e-28
2.465769613503403e-27
5.092571266018404e-26
9.722724647372497e-25
1.718105401338853e-23
2.813562043569481e-22
4.2747536075533626e-21
6.031982195431853e-20
7.911438235351544e-19
9.649269984690754e-18
1.094258053364614e-16
1.1525285600044721e-15
1.1245722685529597e-14
1.0132495445547402e-13
8.40314114758378e-13
6.392300799271052e-12
4.445522336609284e-11
2.8202749750974065e-10
1.6317517071738099e-09
8.62558517277706e-09
4.17912380104939e-08
1.862654469804713e-07
7.662603924127133e-07
2.9144347695728283e-06
1.0133065663023166e-05
3.1828098729761895e-05
9.061383432153448e-05
0.00023531582854926698
0.00056022285832575
0.0012277909974230939
0.0024860622689484987
0.004666336600338758
0.008146052616894904
0.01327170928246646
0.0202578193637737
0.02910290803039277
0.03957890899967846
0.05134625094444601
0.06423106029793613
0.07867886188483032
0.09529947772708519
0.11379531639040052
0.13312009611323733
0.15169634930242967
0.1672921962709715
0.17734652698090578
0.17955093494308413
0.1725402404501143
0.1564451037173415
0.13305834517667198
0.1054916204639739
0.07830536535648114
0.056687472677660104
0.04115526241971234
0.029442839929882614
0.020225662047516045
0.012982560113110437
0.0075774788162211145
0.003918607938125688
0.001759717290820072
0.0006825165864449523
0.00023236919891712605
7.156228835019327e-05
2.0402845408871556e-05
5.434235449877906e-06
1.355126964264692e-06
3.162119554232545e-07
6.893047313639843e-08
1.4007748263637716e-08
2.6477184593960537e-09
4.644334426230047e-10
7.542579785470084e-11
1.1315074258201784e-11
1.5643723802513067e-12
1.9888666247851808e-13
2.3205586189270506e-14
-0.0003583894720950818
2.606163840272851e-05
-4.2499216601492575
3.439064038367279e-05
-3.700721997513714e-08
-4.279310891045618e-06
-0.9394695259859841
-0.0301473835746798
2.003606628831778e-08
-2.7566828589499488e-14
20.937866708520435
5.56373966708679e-06
1.2575019211348177e-06
9.561530583322374e-13
-171.99212094819777
-20.300406600713057
0.1230919399790575
-814.4288263625896
6.148460115922761
0.0010540006439059234
1.0348679828131697
0.33506236004261497
0.16587823726871653
1.606316740212445
0.0004963124882816806
-0.003730756319575445
-1.4072563733315253e-08
-1.0755853585974574e-12
16.3303332088774
-1.8444270498856351e-09
1.8145207278856403e-11
0.006870097414056627
-5.466512438576271e-24
-2.5364249155821277
1.2013221482491244e-09
0.1568247861053296
0.0010110445012082904
-7.1170525665679245e-12
-1.4480674181063912e-05
76.20639741130246
3.658522560361492e-09
-3.079233014730154e-13
-7.144253755852048e-06
10.406890514694101
-37.345284251866914
1.7690236298366076e-08
2.662640477530657e-07
-10.385835597994998
0.002967879112708715
0.00027714812538920137
6.025234251554084e-06
-0.030740346546328703
1.119421710930146e-12
-6.1290852052289155
46.61078160522449
-2.3451236563414968e-05
-46.09613460574766
1.0008559127438266e-08
4.144734159364966e-06
-2.0708178587724763e-05
-2.3667177038349898e-05
3.4573479903819893e-09
-5171.005501469279
-1.7420668566799283e-05
-11.395770989382804
4.064436304259859e-06
-9.075577136025608e-06
-1.5628188815742162e-06
95.42328663178147
-0.00013312020425091083
-1.947245275126928e-09
-0.0071789305767467025
1.8793148308353525e-17
5.277020389039468e-22
2.434557009537986e-14
5.986695750265212e-10
7.525553560480298e-05
0.0001281074719272191
-0.0049439244934002735
-0.29110960210352516
-0.00021033398682969925
-3.6577744692622514e-10
0.00015623904505952297
1.4926782506788474e-24
2.454512939324241e-09
-8.622671466124226e-09
3.3797294718579934e-09
-1355.0580460565739
-0.0013380856886200491
-49.17259099753328
9.042705419531108e-06
-5.927522960258476e-06
-1.0308758436442722
5166.273923913414
2.009925166844533e-14
-5.056065649712208e-10
-0.20536748340805477
-0.00022507326871188074
0.023087090934360326
3.679839059955885
25.850300142321547
-23.015828454964684
-0.00013069821209514426
-0.004509850371281913
1.2052198791658024e-09
-4.442111857850522e-11
0.0030084585527707496
1056.7222107466139
5.9680579903536345e-12
1.9754627005921416e-08
-1.4655002194177533e-06
-7.051230971419e-16
-15.626873697826118
-4.60635822110159e-06
-0.006674888545997168
1118.016692814525
3.835842339470321e-06
-4.153161419986396e-06
-9.246692587946976e-09
3.1679261874743033e-06
-37.9657974370128
-3.785431567472036e-09
-3.7245900273296217e-13
1.2789603638859466
-0.0003572631110327288
8.562435046995281e-05
-24.196695577502858
-0.0006989017752403134
9.734495476123065
-28.239722018196137
-0.0009020622084828272
1.9307020679855126e-22
-34.330304310856654
13.87527570446686
-8.307207055084374e-11
1.3152542409273406e-16
-0.00014261224935721068
-8.944055544300108e-08
-1.0914470404349898e-06
128.37016849414505
-794.7664589172086
7.402052482703695e-07
-0.0017623691208014053
4.446475161140717e-14
-0.004309694550929048
-1.2034136635060137e-07
30.599151437781156
-0.0002444913412494905
-0.0007011456505958451
8.161615878837148e-07
0.00010609925683552349
-0.00032605125515470455
14.612900243502583
1.3018621886004678e-09
79.33179168906199
-444.87276768212
0.006040356041950044
-6.446678966160904e-08
2.4818478882549306
663.6965403548536
-126.36258720145403
-4.0751562199722245e-05
-3.1424067553230925e-15
21.34410949693928
5.133575394860186
0.0060076949070424655
-6.323105333824479e-09
5.324687930806691e-07
-7.9426699892237e-06
1.0852330369474747e-08
-67.36611149269712
4.4543881419136887e-07
18.825635077732638
8.468638976809117
-891.2559108387359
-52.26517697021347
-4.894612386536471
2.924451608820681
-1.0631229282378863e-09
3.8493223075537957
-2.7676374052448893
-1.1727365796018264e-12
0.0014707942979710787
-57.716484763006605
8.798996731157091e-07
-113.4713294778471
-6.632556629623636e-09
1.2156457490800046e-08
4.826196074929162
-353.24864320190244
-5.8414365947845174e-05
3.053357935826749
-0.009358342637810924
5.672097055228643e-13
6.171431535209395e-10
23.311916440455615
13.276474259484932
6.257580485598513
-0.0005773417414760916
3.0298448421164713e-06
-1.6952267482554657e-06
4.2740901034189203e-07
1.842990846352768e-05
1.3258140508443685e-05
-1.9770449663182478e-12
-2.988176079171182
-27.07605077828416
-0.400406559474184
0.0008891918048316418
92.49308638534558
0.0004762613033044832
0.17108955732850112
-1.4206693241186386e-08
5.328153847757345e-05
-71.5735343181983
3.0009271919630987
-6.81017081217075e-10
-6.764522176596235
-0.0009739033650793641
44.69551758854619
0.012927160350202192
-5.683847131634595e-05
-772.5726773521617
-1.020555382708548e-09
-2.3781661791993816e-09
6.230619221650794
-774.4106677996213
6.218975515534566e-13
-4.417201410939593e-07
7.339417185725888e-06
4.657019432392848e-10
-1.725852653437769e-10
629.9253451729016
-7.496888934550349e-07
-6.594291685098425e-06
1.5676282209305614e-14
-34.454586997392546
-2.7999801484665607e-09
-9.78104596669994e-06
-1.6857143481048372e-10
-8.976515803206814
0.0010676562453822303
-1.3549153430040903e-09
1.3655348570835096e-06
5.88924013537625e-05
8.666873201541487e-05
-4.985343977249546e-12
-6.145660253197816
-1.999752604273609e-22
60.48521674388696
7.339192930800723e-08
3.630492919863991e-20
-5.274275866970828
287.7500200822712
2.133293651368349e-10
188.9137405776268
0.00015816982757970113
1.0306373098618392e-16
-2.64584539389307e-06
1.5104501378472395e-12
-0.37847382976030586
-8.194798392588104e-05
-0.2869887589933771
5.785113023980844
477.69089163958483
-5.167874887171186
-0.0026080053102862277
0.004679079111851611
-1420.1909846665562
-1.4683357695785508
-718.4629952663324
3198.1035419051013
-2795.6317680774646
-0.0007730601448129459
-102.62287714854138
-1.5087543688142843e-05
28.21192673031534
-23.183208122114696
1.5892358031562579e-09
4.714292276202975e-12
5.119334817505142e-09
0.0026179002359456686
0.0375193360745154
-2.3428940597790424e-16
-1595.9648743509488
-37.02364337200939
37.161355803205986
2.714222400844897
3.125897634944884e-13
0.008703886702924322
2.4328064229630444
-0.00727998030535433
41.543883686761895
8.397204065815454e-09
4.3349330946115335e-13
0.0002888893466566113
-4.602565110961274
0.026527868716411006
1495.8978401203449
-4235.815337045279
-21.093194816071286
0.750156449572405
0.0007581980385038381
9.477958092725664e-07
-1.7087676978295042e-07
1102.1020533468786
-3.268881519765979e-07
0.0018163391674107365
-12.63247627226566
367.08803062938875
-512.870897206434
-26.918650720850916
505.49480817949996
-4.005207386396912e-06
2.8645080463160407e-06
2.4244337115393457e-07
-464.7701301829851
-0.681437165117333
23.873531139949815
-9.37244425857005e-10
-3.777181794129671e-08
-2153.7634539668675
-813.6182487739391
-3917.667928089182
0.0025955201518189242
1817.967956190494
6.196817321057124
-3094.6747203326418
536.9216721993705
2731.381288535793
3686.6664515908874
-0.002148127642963737
-3.8052434702271
1.0526003055095312
192.76924929819234
14.236894814989817
-4194.007617802818
-204.5384354742058
241.9266701248281
4075.8267836257332
-264.0455943841062
1987.3422934888376
-2.877134095140436e-09
-63.508442233204
-2.183965622606153e-07
4079.323247167754
-4240.973536415304
-2.5201811633724875
-304.1889856730579
279.5720906247903
6.516690165144131
3.156900642310765e-07
0.10398695433276005
362.1260507918232
218.88381711268025
273.69735307587655
-3555.0396509973057
-310.21408229200915
-6.57351287832947
-6.073049340396582e-15
-7.275303912487222e-06
-42.04283946207198
0.010385467963397297
-86.84604164618516
-5.083774812338383
-7.311246289081578
5.720395827018658e-06
2146.8093656597835
-0.04076055939894147
-246.07932846702514
3121.4088934413144
-1442.209530704147
-3129.836616675785
8.269260712243322e-06
378.2261591484025
124.05600175929888
-0.020292331917647784
2.354978095137408e-13
-871.4185030749791
-129.4886167808074
29.635684309838204
1420.9646376119035
-3.2492337822746657
1.6382333696779947
29.25943491770492
-1.416355124577757e-05
-55.51679029412906
-40.677325571058375
-2.9855954958178903
1.5810578839236835
-32.48389834527646
-257.0046570032739
-1.610778565191184
177.24864778688325
-22.82691969399585
-12.831784119953685
51.42297595393775
0.012567234674697277
-458.7218795933929
7.355407853044957
2.9158196060071786
385.28815413217507
-2.5393755620659548e-05
12.323509965159301
52.37774135601599
-6.299243967232555
-62.39712025959608
27.580935704045388
-264.9111422106305
-2163.869874582409
3.827349935952142
-1.9347669643849956e-05
-6.693259896805213e-11
11.651290668604764
1.59123257839142e-10
3.623492477860928e-12
-12.371056575983983
65.22542725603033
47.34069985978318
-83.23922553602647
3.3876848667357513
5.878291108462525
4029.7223619350752
2.502142225628596e-06
56.73029389724044
-1.4603123667496326e-13
-3.4302820059871055
-76.4289020148099
19.279587114588164
-9.382237346788678e-05
146.28421060966951
-5.58625376658031e-06
1477.044164893016
-0.841429096646268
2.1756278828497613e-06
5.985027460362235e-05
58.70515083927243
33.439986617804536
-47.693821527780536
2969.371971751681
-20.98657591246669
-2.200668509476931
-2751.931258738806
2.2831847721686755e-08
1.266312317042446e-05
2682.335573460751
0.030123736644574836
41.278880307473514
2.1072909093687923e-05
-2379.8220137481317
-0.16240343612091257
1.7470861056969843e-05
0.0001059255933494143
47.9592444557069
1.6257391157702038e-17
0.00016785103393740508
1152.0175871232645
-9.597038451196525e-10
-47.41827730244045
9.471355254800227e-05
0.0013519337514510056
-0.12091844425720272
-0.00021810044244843714
-0.01959090969757829
61.93292581935366
944.8170159339893
-10.092705598692744
9.254079530776028e-06
2419.5926450936163
-2.8014578048861195e-11
-3049.451455216629
0.18938586201400603
-75.61361261103205
0.0012333096708686863
6.214997518632058e-16
-0.1414514400538736
5.650858433163793
-5.91238983854366
-41.916066238155004
-5.276761741415197
-125.24757942909129
83.10138155375357
-17.687950932110972
-40.76637052001477
64.13938960740822
-229.9785599302582
-11.801790219272375
232.4507120036114
0.016789990305729297
276.7023180631969
44.37119801024948
-37.70327361732056
-2045.0090871396412
1.1922608561453973
3813.5461243321975
7.195572258427636e-06
-11.50506695611785
124.97666720244516
-0.02483739741154277
-82.85024818818844
0.7079517491348893
1.118197613246158
47.84924613350265
-69.53001830240478
206.84452203486
-143.0734471719993
-310.3108533505245
-0.0003486801950474152
4.841300197561779
-4.628421829019381
-6.962314446756755e-14
46.47056181649869
4.3326223093730745
2260.033735978483
-5.073674087255146e-06
-2010.7649322005834
3.551593315475865
0.00017574760010312967
-0.023038824978971206
-11.999072129886322
4.196962056790006
6.570967204664659
-0.017906007425686443
-63.3641510074032
1.3424755221534381
4.7423771789829926e-11
-112.47281734623598
-4.701203235223625
-1.1860446046480221e-05
5.1792489596990965
-11.756586217893306
69.96670805160034
4.182856731012903
465.248323442341
0.24578689083800265
196.06425606242905
-2710.67628347625
1.3902102373859448e-09
4.701253098406546
4.906264176944587
-2.041703731172593e-09
-8.257023900328806e-18
-7.003778076528646
21.861790629750956
322.13411076193375
4.472934718923016
0.14229084819997218
0.0626097305810825
1799.228431951547
-1413.5688270115652
52.460798158398404
0.09910659128946488
7.864383570404427e-11
0.3081070304581262
-3899.362515691939
4.40590489837943e-06
-54.63014159850826
-1329.4617897328203
4079.8147113898917
-5.91049813453875
-30.7660571602077
1229.7100235059008
-817.0290301024601
-0.12843430974034456
0.12176760385301437
-122.69650433982162
-0.08368837880689663
-1.4842306174858555e-10
3.4863037720984753e-11
-4.086436002627113
-4377.489092458607
5.0811814807686734e-05
5.034344149214775
0.13289922756021333
-2.0860995084289837e-15
0.13666676984166606
3.870928773873887e-12
38.861148627401384
0.0001974511538587202
0.1265310061346377
52.100205127535645
8.943033252185767e-11
-3.7859239893344783
-7.688868896323549
-0.19617876424203343
3.694794505735901e-07
4585.312089692555
2.6868731489977794e-21
-53.97457571656484
-0.012535969493029323
-50.91968401696444
-0.00012510270022161171
-0.14361962351583119
0.0007493528305207915
-1.1629044024887341e-05
2.746020190061333
-2.0752166087997387e-21
0.3885891580880268
3.6401638021219073e-13
1.1126348325054522e-15
0.0006769537778396546
881.3966817358156
-0.022815935399136688
0.07074647894759639
-3.303948945326685
1065.8510624865805
-915.451074517295
-4.684643613839048
723.2235351035439
-35.97581886605548
-1.2540414386947236
2510.0106003285987
-7.628073820986611
-1.622575902555344e-09
3.7392296112536297e-06
-0.0001824403031148045
-0.08575700020640079
1702.7924612168395
-3.0451038513204125
2187.018228500949
-0.0827937653547196
2.243700110458118e-09
-0.19001134287148155
-97.91999687785676
-6.975587233779099e-07
-4938.945896684466
5149.706861016716
0.05580825385236016
5.115229197015608
-4.465343552914084e-06
3242.4244406525218
-4.788457326447686e-07
-21.139430601706902
2272.1247746723498
2.308813811280552e-06
6.975272979599603e-15
-3.570491393878695
-3.431157632104629e-13
-76.18557201189923
-2.932694163499303e-05
774.1126375580791
-2387.669393792063
1.9393724691483396
-0.24601998393496186
0.14788641394270596
0.001972870733456557
0.020054919197377348
-0.01227673949570948
-337.28057358313885
-0.001607431741861739
-0.0056540173453038505
-139.29421526179044
56.107553153072026
-7.538661912335076e-05
-1.0979518568296732e-10
-1.2390978457305315e-15
-3.0217438951426088
-4.7598224899475854e-11
-1.7378269246342844e-05
-4.5200714370753874e-07
0.003253474740617901
7.837124478532866e-18
0.01509469699036527
-437.92884894748096
0.03959384907657525
1.7667636596697087
-1931.423037117207
-6.8634245341055e-07
6.353685414464397e-06
3250.4681242503716
3950.7809805154784
-4169.009996018584
1.5152732106300393e-11
-5.4885871914306275e-12
1.0537125792649027
-6.071286607681171
-4007.540488006131
2.8144424697440473
-7.080552874729063
3676.768472823093
-537.8095007353587
-284.6680833942941
5.011644228368119e-12
428.6682829405118
-0.027296587647833326
3.97074476088544e-05
29.101794916832542
0.00030778854760690495
-5.950775479818274e-07
-770.8348437974051
0.0001784102703391484
-1.2652458693374218
2.334128465276068e-09
5.3259389427956805
2.070475617184819e-09
0.08571753274450446
-2.2802053532869717
-4.061337029760492e-06
2453.050924107245
-791.1654711266355
-0.25653197878046463
-415.7599972579759
4.7555692006012065e-05
0.00025395843504409286
-4.775874730115616e-10
-0.04608988263655343
0.05195460414874812
-216.32670314494524
-7.474874763885229e-09
-1.2203789753655884e-09
-0.049360484683807
133.45794783954867
-226.96446167344027
-0.2877654854743816
0.00020372260794343085
6.310864036101038e-06
3836.986724147262
1.1456675117468444
-0.0019304934076347865
-550.2119014654098
-0.00015077314689534863
0.013208025282209745
-0.0001665699467866245
-5445.46544503646
-3.6312485395265e-05
-3.6142638469051554e-08
-0.054461829805378
1.7300943041860338e-10
5.857231670965292e-06
-193.7456904599216
1389.8139809471288
0.8445179421787603
3.7813678475391885
5.301851491269747e-06
-1.7966739597208043e-14
-0.8838793724378272
123.31790959326402
-125.88804698205631
-5.736736255977054e-06
-5.446571187091788e-06
536.0771069538442
5.8118131276218056e-08
4.791088902526603e-07
-0.0003759893860475113
1878.7574447252416
2.2237449860697983e-09
-4075.306798407843
-0.0011684521498265467
0.001615964201368442
946.7061936730604
3879.144259474561
19.64132684655445
0.40281405900188716
-7.712191827312689
1.176739287910013e-06
406.7454532023266
0.006927696290430912
0.06985131926546115
2.116902104910893e-06
0.10605372505887209
-914.231380824849
188.87097835261923
-2.251458869560742e-08
0.0006590444048951185
-890.6884912053016
0.006912917413592483
-0.08567931748207794
2.8433411657054092e-15
-4.074499507782816e-06
0.07326853921535013
-0.15868632994572168
2.754091764342699
-0.0013894056126740467
-439.538371072245
-4.687597011146203e-06
292.5365485685983
0.20261977854486043
0.0006103649052233036
-4288.804526510336
-0.00047172332692742487
0.15656821588342645
-0.004548746861083525
2.6562074618188057e-09
3.189985757614226e-09
-0.397530238719941
0.005393000192184665
-3.179566415387721e-13
6.179518561784877e-06
-0.004200098131137254
-4757.718920471451
8.244449675249342
0.20859839629683138
0.0002514019344405064
-0.5324857325457084
-5.136233091777805e-07
0.3274199504865998
-5.899007524744054
-1.0354240031020926e-07
6.045693479292294e-06
-105.36893754432586
-0.0013210978113591038
0.015198525670916176
4.6763597976389555e-06
484.0922807790617
-0.010368356761903754
-2.1189909394773632e-08
2.522727166535579e-06
-5.825324252934333e-09
203.72227696735726
244.29903406967662
-0.22602706003177997
2.258491123813672
2.140448826820744e-05
-0.007482205383460174
-0.0005004549492145013
5.916559134926911e-06
-351.63868129159897
4.592052645086609e-12
30.470601192868607
-1.219915548809576e-07
3828.759970249383
-1.5102493931359637e-08
405.85653761027544
-1.1997182744311215e-14
4734.802248868895
1499.1081138474362
0.006645276908901875
7.96137416662941e-09
0.02165055560564122
4.9743615438111546e-11
639.9533484978876
-396.12011554273585
71.5862621488155
-278.249218316734
-1739.5085200126223
656.708578009221
-0.007782611517097751
702.3973757009245
1.520944337834982e-07
450.9575520977375
-5756.348718590636
-295.40732488154845
-1.8577969555375253
28.905495739104193
452.9409763182337
808.8026799872089
0.03991089450636944
165.51078864975452
1.5420085732010116e-10
0.016095913843635557
-1.1737729333569502
-1374.3380629137496
0.00010285508560004938
2320.139925952122
6.593897279552158e-06
-9.414135370437909e-07
100.34444025141752
4.260423773211861e-13
2.0446334698205807e-15
-1825.5468037867324
3.223969654784999
-0.011254422013129215
1.8565441544197337e-07
0.0015642209459931714
410.71675877072784
-154.65595266133468
4.277908046344601
0.00029473998378735906
1.2677207899128655
-0.65362134420124
-0.34960313161287926
-3251.3776875926224
-0.6604328498257607
-0.0022054174174970377
-35.38876936957925
-0.017533457035001185
582.3505204169346
-0.05672447562495252
-0.0344447926654546
-6.38290298051132e-05
-55.07155819861698
2238.855996954873
0.12875758706137638
34.41486162341007
5.927781389419483e-06
-0.05638044393250751
316.2266839957027
-115.66026182794211
-6.269013903732104e-06
-0.5212280387887429
-1.8453053215704858
0.04611077670979269
4.762629039223438
-0.0008397491038838186
0.6925500052484954
-0.42361606081517195
0.5058569735609721
112.20825811355452
0.021832693508730152
-40.02945985484889
-2.9669077500053493
0.011484158843292786
-1477.9991777337432
0.7471647321612772
-4.279738386268545
0.0951512025785696
-2.5152779614799936
-1.0403598983423486e-20
1366.3437382938025
0.051177708800633534
-1918.7422596124154
-0.0007784859791216162
-3.02185108795092e-05
1.072532876199915e-12
6.329531290085769e-10
3.3133628577998073
0.014695137529933141
0.8127929172819952
0.3057725680628869
-5.6697185823852255e-06
-92.0130904128114
-2.7517098585700843e-06
0.03587947916839378
-3.7461415360621154e-06
-0.10464623365404835
-2.4958303276776702e-09
-1.6738261088846828e-09
0.7160078354889067
-9.906890715877003e-05
-2.5718201093699892e-05
-3.3776657454706602
-0.010215377276581552
9.189993189077997
-1.7532002018998507e-06
207.29233639449532
2.9858740250381142e-05
9.52576575612399
-0.20980591980080765
-4.623177763915812e-06
-0.00023201247595900078
1328.6058511128474
4075.5995009924195
103.01046183405776
11.188131465481229
0.42876607008987927
-5.589824748736442
-3639.2089573524754
1.1603880627294543
-9.780159343568286
-10.006864876749965
9.509821603526404
5580.595826211923
-0.5619316640030579
-183.7431864636838
1.5004498143441034
91.48449343649804
0.0014697828744807517
-0.4736293466660278
2.137470334054053
-597.6668579878524
-0.030727920396793285
-121.77383342841792
-628.6574908504582
-2.272435596468688
2.5646684592385827e-14
-3330.4343772796296
92.78159163763111
-0.0046165438510779285
-3.954407448861778e-08
-4.823389165730766
1.0698575631742147
2.028560953214609
0.08276811424788805
-245.6281643970123
-0.016676379478648074
-1889.2361320488994
0.28986223677701595
112.65256075404425
-0.022009023573542473
334.01177062451364
-1.6821785460146946e-06
276.55133775612285
205.11561196569264
7.873607177614042e-10
0.00014241493813869793
-11.051326015099171
-0.10462961077107355
604.4598759960007
-1.874089989677372e-07
19.298597182137538
-0.0012471457975056603
-499.9099949506641
1.4719369215063958
-0.24100246146579138
-0.3379866595861343
-12.578272974639834
248.59707369557128
-4.721676068958046
3796.1410198541553
-27.924200110961092
-263.26406132104796
466.7259021328329
1.103952696390758
2.182236576364023
-9.572622884486577
2.6388515995001725
0.08460839835805964
-0.740846122969598
-35.03694139662108
-808.2852588829027
258.0355313747652
-2.9482720243358295e-05
0.42227005417771624
-0.0003923407697797195
4.795021614848919
-0.0013587278704174984
-2.0841720112417717e-09
1.441163136584275
4.023638454302844e-06
764.4665969955319
-20.27210081558813
-240.8597062750808
-64.32106629588375
-9.251073956873043
-1208.7594475309804
-0.827678841949302
1184.2071637313065
-1831.9140661273782
1454.9467172257994
8.502190386788344
-368.1880410969056
-219.7263458760571
2.2517810698648
663.3975414094863
334.57473439732473
2042.7018560277302
5.63000630846637
-796.6416109487027
2.35716433579342
-2644.554120356428
-0.003992817901584461
1.8749491286636706
0.003605056564729164
1.4775501537767293
2.1497935745530145e-09
3.1081350705975494e-06
-6.71943191091073
237.8535628177803
-913.9680906323495
495.42999548387
-65.92405185805548
-0.3759471974965824
-1721.0992436249167
1255.5711238036813
1486.6467963343798
-560.3620737603652
4.4346512781730426e-05
-0.00033127413093016347
5.139356813070656
3408.6381820680826
-1774.1989034668936
0.05363538038934276
-2.568936754582086
0.00035971265940149824
3.433171872894593e-08
-2634.6933608373092
-3.319310145431096e-09
13.324643793948136
-7.431022992014234
189.77779831748725
3.536297129038169e-08
0.00041774836053584826
49.85590560019863
-1074.6173417594716
0.04099582017295729
2.9574518426788847e-06
-645.3187148464217
-179.07316356981727
-6.845299394467298e-07
-3627.756970461263
902.8745847357936
-2755.012573574792
-26.614014742014422
-0.882412053639458
-4549.758314892269
-5933.251671180464
-4776.6416913746725
-6.294758035791127e-07
32.50094629426534
-14.017544487293335
10.794764915601661
-2683.6642157096044
-56.676205497238556
-0.00026963290923170014
472.00053677645764
1504.2020775428614
-742.0997303888868
0.048794126933694
2300.678908911574
-215.20208638026753
-0.028352000752878217
-1136.4240256725254
-1686.3099701670371
-1.4191477513317046
258.4220890160674
4.2190580950334916e-07
-48.02799644853765
731.6369639631671
-0.40910200007699804
-0.10432168361010154
-87.3254965718184
0.01909726634095046
-0.00013866315021670005
-5831.526237733999
-36.240601073039755
-20.91553364535811
2003.2147331872702
0.11720882613137508
-9.319777689960632e-06
38.63399498658661
116.42385492901158
-0.0031189292874704315
0.018100080339660884
950.7155864641123
1.7004556834916071
-716.5463138862518
-28.675026060733796
6019.4562520717745
-5.728829470252152e-06
0.008620997804509298
157.85717101281915
-9.55077342494221e-07
-216.72148063962652
4543.718085778228
3.052796748182799e-06
-343.1368523794206
1170.1946538150628
-0.01918589241332211
3260.1585638634892
0.00028255307449899124
4.363651836960739
0.9056138861189703
0.0010903556702509015
-2058.8575018372444
41.46282058423108
-3.815117702057673
-1.9779294623760537
5120.2869217446
0.015477248867205551
-5431.336555744257
171.90591822765973
-145.95170403090978
0.0006314046011921678
32.5634914234322
-38.95447965992901
-3981.977632461099
-3.899724919669426
-143.14727459454548
-0.6271529941028449
0.3360662343767861
3.53234899582629e-07
4238.031079147967
0.005904885974856529
14.709705512191878
-61.388190577084245
5084.726755434737
-4169.907877788604
663.5667970247694
-0.07519857127847893
7.220623966468943e-05
-2959.5862561537015
-677.2323306264286
-322.9624005550311
1570.5493310669774
0.008755852613796532
-214.44808122159233
-1028.8420158184708
45.46622599108945
20.784260264051657
84.10708935386296
-660.3443599024555
-3798.729450160379
9.559660318027847
2417.066447618213
-0.031972411381515214
-342.01496918351813
213.88520763223104
-1.8250539924875482
0.6472510251152568
-2937.9372291788177
-1105.2740718469595
1786.2949052102595
-1369.6935295696242
-827.981121324428
-19.526694083216753
4.050853258815167e-07
-290.6024757885405
-6.420687964339081e-07
0.013565367223916651
0.01139848541365222
-175.61056266708658
2470.842973758584
-0.2517195187451672
7.069649579487398e-07
-0.015497216919135356
-8.60562009100599
86.87334917165565
-169.272629215433
-0.0005135355287786245
-0.013916185688276041
-2148.0185910376954
-14.060286384410126
31.834321888701623
-3.4059600500138854
1.6957702202825142e-09
-0.02374425211007363
0.41528378425947043
0.02166090988422047
-0.016892509347626768
0.0005277235181081518
-171.9978105281361
-35.30868102879253
832.8192410427577
1314.549472513767
3.568485782069975
-87.22437141485865
-4439.040829519757
436.5461692246001
-343.4649640720987
1.3937937936249063e-07
18.974579267606305
-123.34681043591094
1414.4592894130215
-174.0880647832337
0.0009248317728728506
-3360.3844041913194
-0.0019164192360871764
-225.45537198950365
-1342.0278959402315
3208.872771458723
1.8996267042650242e-08
-1.6207197969338722
-358.36622297627486
0.4216702437032128
-652.5194588668398
-275.416635663563
-0.12462594072950048
2.859052488255961e-06
-0.09115449049505234
137.986740260216
241.14276316956463
43.02250571055742
-236.7620215135285
-4482.421474611656
872.1816539415705
0.7051518160816287
155.76258282640214
-0.04124489036811472
4.738797867399095e-07
136.4955542158611
-1.672125954237156
-293.1573364235802
1668.3193598191156
-1.0700422077960255e-05
-156.15094945531615
-516.5058755303434
1.2696717414526657
-1313.7656479713712
-178.75633014262266
66.67930003274921
-0.008902781010570572
0.0017777136532818878
-128.06626341228682
2.8489066445393337e-05
1760.360691059627
-461.70597444731396
0.013119470036687479
-0.05754374288314612
306.3083408364217
5688.229722751703
0.039946967992754746
13.464754442189104
-96.21781717801483
5.085937028906242
278.96842366668574
5865.480687166328
-2.002503194114758
5.065365629264891e-05
346.65488323102494
-0.025802904671314332
4278.982053317148
384.5109621161215
5538.819591332597
3050.4253488361824
-0.00221079125151034
-0.015527352016665632
329.7748932414781
1.6158083409672177e-07
-0.2637929752374099
138.73748760503622
0.010239257627867902
-1.2850333746714568
-1.0214096366695569
-3572.165228655745
4482.948183498317
-0.09821486086013814
0.667975195349785
-0.00027862027785167834
433.4403944901566
-2.0063595753839426e-06
-1831.6435595455007
-0.5462094414362161
-0.73385785184368
-2206.869658540084
-0.00032610867433766397
-472.40512140699343
-319.3387405076202
33.706892483522765
194.14398592739613
748.9369795981023
438.6017882115967
0.000847996685456304
4491.349256817565
-1407.3565514988186
-326.72935750780294
167.93715766135497
2.6382787561114726e-08
-0.44081336014335243
1232.7590493856078
-21.27128732579683
26.20823515853367
1.9074015316600478e-06
27.94469554996512
61.87844202106959
660.0488490617239
1277.3786296272565
1248.15172340582
350.30673927387284
-31.14669478830415
5663.45845098753
-1.5322072055787532
-2.297716874375243
-87.61891953937781
-1049.5322280991459
4287.055264702038
-145.42450242909229
-149.1287790877756
-1.5856810236220193
438.5209086051767
-1840.2356350774858
-1.4357198380211138
7.954448444950888e-05
-0.6778373930529409
-403.33427990601785
-6.456014243551693e-07
1.4208151988777735
1889.5198921513804
-0.9457478580596584
-0.5272369396835123
250.85682414186238
1.65289618866049
-478.1155907305173
-0.5712260338032396
2.8055048592787e-06
-1.3655664391917617
779.1675285686497
69.7536436691785
-210.58211022497338
5.23469618138521e-07
4758.161045850503
277.42192172657036
3367.651612264687
2422.837023974172
-475.0812680177084
-980.5324993433811
3083.5787135118135
2000.159188225471
810.9993570812643
-313.70382389865506
2.9914957023270833e-07
34.6837870684089
3130.248307337258
12.566506138632407
2443.0685457295394
-3.984359758750639
-1.183647458972451
-1.436679838252112
-0.008500733019192732
-195.91214571794
2753.207217107376
-170.8611160345364
-0.36996610434656113
6.049711668561188e-05
-0.7085289180966662
6.12918772257129
0.2596742778386088
-0.14115417065147892
-97.83561445427789
78.67494898216509
-258.95741042178156
-1097.471692504589
-0.7901031280674159
0.0035752380341481926
3.3104942080117303
-4.511867830069236e-05
-0.010568457087780394
-0.00019416255038282165
4259.724553058109
2.4936892142077647
-0.1635109022264863
-234.35273103755952
0.0015267710390814634
0.00015789918618882155
631.5808466040459
-137.41988002955037
36.85628584501719
1643.6165631318088
6.064305683837734e-07
-497.5090297564398
-1.985225321158205
0.42347321530579357
29.674702876001685
9.554523923602035e-08
323.8562169145236
0.03939416608723992
-0.0011407057167803479
-0.00010406301735594558
2509.1170280334322
114.47303197720126
-0.056980329327810095
170.12402041572014
0.0006126930918249658
326.4083861223797
0.8205288552335097
211.3913563045119
258.0143400072514
0.0004155954681895543
-836.9479828375464
0.5896431934108726
-50.119517149990514
0.01727206557520521
-19.825649920423647
2.9147023547105096e-08
-5.046380023840085e-07
-396.93836122862547
-8.106850050616328e-07
0.11227477098797298
-3.82053662237979e-06
-1.538952228710203e-09
-1.8795719209185975e-09
1882.178134466661
-279.6073514368169
73.51469227692071
-0.015699618734726632
511.3899087971705
-3.855243056943821e-07
-1010.9342703575776
0.00043833282123543647
1850.2759691464603
3741.4464672988615
0.04540006978033352
-0.49708776992774467
-2255.492663415159
-1574.8498851405923
-15.239159204368697
-9.477342379334159
-1.7152797586931316e-07
7.61567661167255e-06
1.0496068377939425
375.3623769339187
1.7701063455675907e-05
0.02651507346698721
-0.01071450849304112
-1.9002695760386933e-06
-1575.59641835187
-601.9385746073884
-640.8347069507588
210.45474946275894
9.988325866372351e-08
-1.309494854121053
-4.093490604247471
-113.11627393556579
-0.009072113629241832
411.1603040948152
-8.577278885218102e-11
0.00012470926990731463
29.263819115310106
-6.04676425962366e-08
-0.03077999544792203
1147.0897193107419
-2.009546882022652e-05
-0.003923986940348517
1410.501145341429
-0.024892155663163582
1110.0308083566688
-1.463881121803352e-07
-1999.5691194143785
1.4161918899550574e-06
-40.95071934702654
463.3223553888245
-4.0940355441319053e-08
-0.028517106605522827
-665.5452713870435
-0.005421836367885768
-5974.936678575429
443.1995979982816
-316.99692103275424
-6.222188116811581e-08
35.449763340556075
-73.0363139415909
-4583.1162888198405
-3318.436720423318
4.689925611864504e-05
-5727.579179278096
-1301.6919399667327
-5694.123129700996
0.0036990313470282783
0.03828291065938246
3.294150158146014e-05
35.52128380747595
49.802682053009825
-750.7581339691031
-103.61291972666153
-0.02545788004438791
85.67611141193656
-795.971488668678
4.460490591519819e-09
0.6993293986610346
4.013419242362689e-07
0.00015175902012362527
-1.025976735821199e-05
-483.5132294815412
-5.535687085659523e-06
-5377.963067975412
126.32408357071934
-190.34512899346325
-3.777626958828072e-07
8.374861354550882e-05
-0.008031237337436629
-0.01084680513214247
3106.5588305985366
6.98469247321766
-0.01897820781388709
1.8575796223107288
-3.595756150215467e-07
-4886.339893913808
74.61778129520654
5.876880839298532e-09
158.58909086189664
-1455.7641703976574
189.11858670083535
4.0370864140994704e-05
-1625.5050897869119
-0.0056121991564508445
16.9621236294324
2.304898031485452e-07
-5405.087124200477
-0.0026942203413928734
-6.097768479173645e-06
-52.30179544882496
1813.7727863331775
-0.06714205924882061
-0.0023233675641392824
159.96796774133583
-0.0001564705649088423
2.489221587200394e-05
25.329151976180555
-0.0006445485630500124
-0.00021234262120819428
2.615504672914107e-06
-1.2162276146285672e-10
1.1036049273227753e-07
-4842.61113031296
0.004136998019507859
-0.007709305035115209
99.44634626038736
0.00019361930659072456
-0.003004359386514754
30.438447925205608
-0.0019302766294442175
3.750946625300563
719.0860322728348
164.61579960239163
-0.0043571659429218175
0.7515920122225519
364.02860465192686
-2800.7227263013465
-473.5706462190298
-0.0056415800721838615
264.02936072994726
0.025973372559587413
9.511298553749145e-08
-0.01090339716479506
141.55089190379033
-3486.9256371152655
88.96274008497599
0.35155460555936485
12.54464598016736
-1963.0478699744403
82.82553213816107
-0.0001438563497504839
-2.3520282781957867e-09
-3730.3815833917474
0.001211950140181457
-3.1902065502458026e-11
7.951671494085378e-09
1.2026694642118808e-06
-0.00028208907672481917
-2.1147130695287274e-05
-5.947411480234355
93.92988487856215
2.1041982377989495e-10
125.46366633464034
1.784528961206001e-08
5.908790087973944e-11
-9.227926921147346e-05
143.73868025199735
1.729267272847678e-05
-1364.1835755369984
-46.93000175562281
-19.252232237875297
2.0834852239698014e-07
-3.25536215346824e-11
-4.611120189045529e-06
0.01803084084204956
-1.0497137644942011e-12
222.86471428576587
12.780975752454932
-830.5211349912626
-0.004062905011484693
1.1045928173597722e-08
0.1146953824582384
4945.012837173069
-3448.5589722061873
-0.0001897477060757506
-0.0002608932869632721
-2831.2792873698672
-1.1285706501332445e-07
-950.6870244356892
-0.0005293431991624497
7.060223652350699e-11
-4.2783464452260285e-11
1.5993912467300028e-10
8.48745972122287e-05
-2.2042499290350255e-05
36.414478977525555
0.0005594356589669414
-715.1115416164425
-24.12774186484117
-6.7130592511850216e-09
-2525.1594558129177
5839.527863689971
5.7413386281161334e-08
2.367616984969359
-0.06160922604692412
-0.20566367032852595
-4.8863898509649044e-05
4.506506176977114e-10
0.563472372972257
148.1902495732213
37.45937715555332
920.9614719127799
5.022646481615134e-07
6.290457320488537e-07
8.703573939989427
-8.393422481302309e-12
0.7489078013218362
6.604881262574743e-10
-8.351927981361361e-10
2.2755507209912662e-10
1.372047065094643e-07
1.569157935800405e-11
-0.0054659396279808595
-1.5195940620674797e-07
-3.2133971869252083e-10
61.863665868501556
-3782.850073064673
0.0002580559075372022
-6.041473880325844e-10
1.7139884380537299e-10
-1.5023914637373302e-10
-27.74278171769725
2.2387590444480892e-12
1.4222986320713792e-08
-1.1149382955066924e-10
-1.3017209790044916e-10
4.325602057256086e-11
2.3120778118009813e-10
2.5013826359877486e-11
-4.634302918365649e-11
7.56666647810193e-12
4.044299682204291e-11
-3.152581205824828e-12
-1.3508779695471661e-11
-3.924883735977823e-12
7.72489570497141e-13
-2882.6358600078643
61.13549630172939
9.272662836089156e-07
0.22155465145626602
0.464024746168536
0.3929063379962137
-0.0009744804501641229
161.90575501628965
1.887347652590239e-11
643.8104603904046
0.026298161471020407
-26.16478040911246
-29.37995961328904
0.004702116962837184
0.24599994470546493
-2.1567557203242024e-06
1.9510126138984557e-05
0.06603617534827767
3.6560316976864913
-0.5989637215914624
-28.527540734343425
4.058672681397522e-09
10.73874446151212
0.001639547627287523
-0.010203374295883869
-3.560128395147998
0.8956758463679134
0.005609527720905417
-0.21191199866910668
464.3952186984449
-25.444672058907983
907.3050928172399
20.13203428644517
-7.116949848425785
-1.1553990866756444e-06
0.04737275199687037
-0.01808852756056068
-1.4918053273532645
-0.03183831387024579
0.24077029884080522
3.0725020924831893e-06
0.9563861598878447
-4.208900129289414e-07
1.034172217659082
0.9874411012976347
-1.1384592550259201e-08
1.2336996018468365
0.0018051713162888158
0.010340031223803673
-125.31486738951328
-84.94301140290088
-1.5987132583504667e-08
-7.871826026833143
7.032314371421619e-07
-31.99621578770382
-20.656825769380447
0.018447583668436712
-0.1266329692618594
9.3550260053273e-09
-156.33513755045504
-11.400264249336375
61.139612145065634
0.007288402185377639
0.9577850476243305
-1.2605238234434615
-262.40234813092377
-0.9661932096650924
-1433.2252975099366
-169.87544841340642
106.82612476329729
4.42630536091996e-09
-0.1701123150583378
-15.366149940396074
1.4826978591037784e-06
8.635203840547718e-08
1.207487432091416e-08
-107.57375748798046
0.2576513618573242
-16.19023729518934
-170.62203255454668
10.155057243120572
0.000411067397087214
-310.6236699643923
0.006631668078597976
0.979704138995856
-1211.586918862663
-96.70788790487349
1.5914488289284254e-09
-10.406092585663428
-2.9434406051486363e-05
0.00019647079562384653
0.00011160257232743102
0.0054719050419531345
130.19450616425794
-227.6835169336368
-149.43191877263277
-2.4582049342823706e-06
0.00010234138932198291
0.004761837537235395
-148.65515456294614
-59.81643569173022
-2.320919638225577e-06
13.706602493370335
4.7586768919775915e-05
-2.3647703396344612e-08
0.061333286800428224
-971.9141472590974
-6.082370814994196e-09
1722.9903369186022
-6.25448379529367e-09
-0.8174450792652996
-2.4467880808977334e-09
0.00019531795080333163
1.504760809581474e-09
4.43354952184297e-06
239.54010485059817
-6.671296607336433e-08
0.875227544519198
535.3740035630733
-118.50441678018224
0.7067183074710828
-290.9473598431547
-7.999890141685178e-07
0.033998406301777105
-5.850611993465865e-05
5259.262594087823
3284.663048274321
3165.4489055349386
0.0003801730667680087
428.3187671505084
0.0036414651838008794
822.4491634726918
0.41116654099550165
0.37475668858170913
0.0006284066964055209
2.89624179258065e-09
0.32099090716125495
69.18991535670611
327.7030200951341
0.5419251853369028
6.446113939242661e-06
-1.748586978033922e-12
0.016565555047088787
0.0022860104513548196
0.0175324092417233
-1.1866966072152512e-08
0.12685807943938213
-0.10609281986270129
5.170902484417079e-07
0.2360413675418251
5.606783365417046e-09
-86.8515616059276
-0.0027911840928886047
-192.59365974829072
275.6696187437486
0.0023351714804366753
-88.12401414628653
0.0015143836618656836
-522.424814728573
6.598187408127809e-08
0.0033662327197588166
-0.007701893543021763
3.1481796072104496e-06
-13.370245955613013
-0.3214720711645941
2.9978556824635125e-07
2.8178944436886435
5755.435208322663
0.027273683896889125
1.9205864669037966e-05
3508.957346457556
2.0568425366131976e-08
-7.963159397611362e-08
7.581430607424948e-07
1.385651823370679e-06
-16.805915197337615
-325.7453610991595
836.8036291961878
712.8602752429006
0.004690887435613217
0.013972291572108378
0.01388241572330635
2033.4846688517414
0.8905629450756548
27.337497272234287
5.799655348426685e-06
4.473562001212629e-06
-4.843024909669618e-07
0.06090768682704576
-57.736416405486075
0.15633400820928403
-358.5541874648259
51.028843292398186
-181.8790439617628
-0.020979564011890967
-4.045902604767997e-06
0.0035315693058843053
-105.36605652559867
0.07479605078834299
1.3538684238727496
-4938.185694694348
-483.6258929890255
324.1611366335186
-1.9188400824994463e-06
119.14363919147378
-1.1915930810900206e-07
-9.139367141570822e-07
2.9844300063427425e-06
2.230056879020047e-06
4.033244652005476e-06
1.345443849330854e-07
3.506982283485241
8.905249366495338
3.378729541499909e-07
12.266344361279915
-1.8540883833911667e-06
3.846539906152907
0.0025343591217697027
-45.06836377775499
2.9217618805322475e-07
0.002597693916557247
4545.528894309792
0.3197992899870517
-1.7190264323737214e-09
-9.601072996762479
0.6898250624223041
-0.08592457787619959
-34.044432151368014
-316.3627067725603
-7.4344991792248265e-06
4.751714256791615e-05
1156.0823536381067
3.929349408181739e-06
3.3592666803270414e-09
0.011348537364014925
159.33286204312927
-0.011794723257768086
1.2011295208392752e-05
1.9172496983158608e-05
1.525072442840498e-05
2.451097204076762e-08
5.795999328366413e-06
-8.315478089987296
0.009710634333235255
236.19562192968436
-4.287144026860631
8.003029020961073
3.9637886392668365e-08
-43.91536653140816
0.027046302471347174
-62.192683753530474
0.01077854365831779
-5455.308422772207
-217.64512341095386
-2721.0710931477474
7.204696026927865
-321.881388415865
2.83652653712076e-09
5.2799177064887126e-08
0.00019604551750452073
-717.6973833699016
0.00026207051882195425
15.348067789802283
5.6134640378410686e-06
5.7912699710604314e-05
-70.83366768706877
-3.861978481078102e-05
0.004781416705583183
0.0001095077412099529
1.4675456291305327e-05
6.444382999904818e-05
-242.3565769808581
1.7571856194452455
16.045492831131586
15.022964466070986
27.357356100641212
-1137.172879985976
-147.13572433649915
-1.0153693826718717e-08
-0.00012691496484067225
0.044078336308779914
0.14811369375047118
-734.1872278548262
5.3177982283310764e-06
6.281883164337422e-07
-0.0009570516531567867
-3419.2046818573563
-1.1181628537985198e-14
-3.4522181300823984e-09
-19.468859071504394
131.44816605972886
1.911782933469764e-05
105.28624632630765
2.3313071683119677e-07
19.2832418595598
-0.011765278010858556
-8.125007917771083e-07
0.4416654977647678
-55.843951210184166
0.06004584288844621
0.000683420235888292
20.37746814186304
-1.431452247394012e-05
-1.7387492689360944e-08
0.005421241086824822
21.348759840110308
3.4903934105132824e-07
21.751457907637402
3089.4536639792204
146.81245395399898
0.0037207358704665237
-1.8474441264893505e-06
-1.5122136927097728e-06
0.2521900444015881
-2139.4838815998846
-0.02318033968714659
0.00011178784162125025
0.0004412863645584659
2.3738670942665493e-05
-1.2991105604988372e-05
1.5500174978708987
-2.3340846839537666e-10
0.0005612029058530884
149.3048928175898
0.004562393494874552
17.496046653098166
136.6096909209065
-100.5429248079091
-2043.9189869315076
-5697.0836481820525
0.09002077178190794
-361.1619420177948
0.3383374622035816
0.000873986111690529
0.0029037353928055456
0.0016347639063915222
-9.934501237157763e-05
0.175859734410948
0.4437050302063198
0.0004530373783493212
0.0002482796239896935
-691.1522190609977
-0.00017067298207273907
0.0009425427539595408
0.00014576574750929764
0.008952105886173315
-0.0006696241148810424
13.461419556452501
-3906.391843120176
-50.36815415255098
1489.7405994937883
45.71299250497453
5153.324964673358
-0.21439461406317809
-0.0025799146153579157
1.8843865842140846e-05
0.022712298532395966
-0.00042560602782806025
136.3857550435008
13.767935931841507
4.912413428524271e-08
-3.955583712378871e-08
-6.8156255096094196e-06
-6.813214320061429e-07
3.4486567733177265e-05
-6.965645975198614e-05
-1.5063633180537683e-07
3667.6883536892547
9.934782303148673
243.79042654080118
188.8236802294872
-0.002411965252636122
0.08090619298939486
-0.7030315494119846
0.3884707060930267
6.516436874391431
-0.0014227850818479663
0.003388289324266741
-2.2299959928624644e-05
0.0039270388580753
-10.277625051170354
-0.057217323220317355
-0.00483523865279518
1.1670325610069572e-06
-1.410485449461594e-06
2860.581314092024
0.4173971833756778
111.78865216261777
0.016252306478073165
-8.10985792001223e-05
0.820085372934703
320.54731836556726
-0.37997081989913645
-1.8135987212495188e-05
-26.13239454366446
272.97506097584454
4.198661641969081e-07
-0.06784281520611703
0.010560552100007147
-2.375422527544565e-07
0.051484027725185746
-0.008280266870490615
-0.00015720561061588687
0.024535823892553505
0.015828276428376028
-105.05703500598824
920.275431937421
-0.00017578168653181503
-0.000412107402487514
5.278647471365943e-09
-14.376394932446495
-546.89007580836
-5.515628716298387
69.6395326048739
-0.007151064694153897
11.928099205416633
-6.769086325396881e-13
540.9394276305693
472.3734966984837
84.16658867566711
-0.006199364097274691
357.0917045719206
0.0008576641236088878
-0.6701813970691484
0.028412697779729226
-0.0017876868382509718
-0.02399867335126007
18.504656853198956
0.003211804605387202
-637.836242154053
-245.45533826824368
64.46518073023107
110.24406125107853
-86.78543190657928
3316.6498123828324
-0.19313097081062403
38.35495426959755
1.4628281810198855
295.11379283443125
0.0002599537280482738
-97.72200859747429
0.25897871312028525
0.25262968832891886
-53.73434247256277
787.0138316956675
-0.0011152199998769757
-0.17286943560599635
1.5051869860174008
-0.5117599725341093
-0.00033063321267361097
-0.00022512207891823877
-5.756880459693922e-21
-0.0001814308871068486
232.72458331793317
-3.7421199044689733e-05
-173.7047841419693
1.8744794641645477
-0.31373145836896194
1968.4833482334811
-0.0748871386758914
-7.299831914329456e-05
366.59469711753144
322.66536358403874
-0.01594912099577221
-4.919094452635685e-08
4.981095800163822
-3.83140931879552e-05
-4.6953771429882514e-05
0.148939699725361
8.505942161656457e-06
-0.002299323951631225
-0.14815892473234413
-4.823591800740562
72.46723814332364
-0.05955395358970424
-0.000676222900641009
-28.609137275100153
0.421831915520453
28.164294610723832
595.435954177347
31.65730330285763
-0.1521723150468264
-0.006985237650650661
-0.5926775313047516
11.445297287590904
-337.35295876885505
57.84658986826671
1.2302347654659044e-06
0.0020440501413334536
1.9729571909879772e-07
0.3987585748963501
-93.72691723390484
0.006764363316238737
-370.3356396042289
-68.65584337945515
-8.452897040434353
-0.0022944523723536633
-1568.3912284995445
-0.05401680143596616
1.8214596562960573e-05
-24.928747765497782
-0.08408693250317702
4.181754494349124e-05
0.9929260382184181
-2.593996546894013e-07
0.8935241919283405
36.876068756353725
-86.23989217342692
114.70090656070833
-153.6760739328111
0.0001577513349907264
-2.9377024054825567
2.3018628689778624
0.0009901050478370557
-305.20867164133944
9.927637904986426
-0.02361449918674559
-0.0025619802223984223
0.008670655421790215
-2243.0454466654187
252.584522661898
-0.019124688933050898
4.225278575803294e-06
-0.009084105352634453
-4.385124634451363e-05
-0.7905119418912643
39.680282122881046
-0.001130787674882458
1036.2202459713076
-1.6664695704465236
1.5365324777556697
2.644613048291023e-05
0.007109560863516463
35.39122179229003
-69.78514733844084
-20.29682794795695
1223.6880859306027
-3.4820868467143096
4.954904783134817
29.1579415085711
-6.1665054102132915e-06
6.971819968439215e-13
-3498.9451061280824
-0.07439932111735727
-410.67381740933524
-1.5567815833356484
-0.010879295898452344
-1185.960604451127
1.6299324483101678
-1.552403469090657
14.917707165451318
0.00043283899898118776
0.043760463823747556
-38.88560914795541
-184.56784398402388
0.00015342307002193562
-16.34536849384649
8.557198505786851e-05
-1.6775295626632027
-2.095958724065075
-156.67002504659126
-2.0286153505448564e-08
-5.139384393007101
3.200463705942771e-06
-928.8450414901832
-2.374207993040079
0.014359318648798143
243.24688613197088
4.138513250324642e-08
-0.004209326139934232
-0.20690585748209672
-1505.9353499578413
20.2924838848966
-0.6281163867520551
0.04280215622465477
-0.5410847765788547
-0.0007096660049114061
-1.3143253195073332
-162.2853491835524
-0.025161815228240153
0.0051507389851942345
0.01337279100801453
2.080506331804768e-05
-12.196225733019906
-50.40662201700542
0.860569080118223
0.0019503902365815991
0.47609789000662944
-0.36889232623689516
-30.948270270371378
160.25988258550595
0.07046490485512566
-0.0005101936102051552
-0.0026253844354637203
-13.140489741470855
-2.97128608833064
0.03221565726453804
2265.6641391858566
0.0007732852080925177
-0.20610060484882675
-0.524592841066703
-2.8499473997952385
-50.41430805960893
0.006915690153160779
-60.8844064058019
-71.16718967850623
0.00020233046976894932
0.07688431612220144
-126.60260761827381
59.698030957945136
4.082031156508175e-05
-0.08157830547545092
173.65966548102193
-116.71414805318628
170.5038152429376
-6.240603199169892
0.011827828432381324
-15.976038273269385
31.067155139499167
-0.7247503944482382
-2348.1925246290034
-0.0006984226659024062
0.002541241061110534
-0.2671336234946081
0.05491747378860704
-0.524029535943113
-0.16918196740097832
0.0012073975463063422
11.075199605806315
-0.0011401100324163634
-0.0018997323341541107
2095.0907548030077
-3.1496457150097956e-07
0.0035738251287020057
-70.73347603620826
-0.30570730027548565
-13.87764175311212
6.895048995063416e-08
-0.006242849570211384
5.146463493756716
-0.334376680695567
-1.031161909993741
0.1345900553985208
-91.87359011273307
-0.0006034168670756815
-0.0013107490566277257
-0.0029289621076285053
-0.017415420282983957
0.00012438695955717665
0.002926225936622447
-0.0058824346627594825
0.006524187255964735
-2.20532011554157
-0.00019226691885656166
8.831140397385867e-08
-2.1643480036483305e-10
0.003628660065108701
-1.0106383893786648
0.017551066394696075
-0.002890879719760586
390.65838088165464
-4.399550140174029e-06
-0.4496911207440039
207.7912993546486
73.0952061425515
-0.5709951000421092
3.2549405697229223e-06
-0.0005854172306511552
241.58104235034736
-0.004427682254694193
-93.41450600555824
-0.40243602972456755
5.502414873233116
-0.0368500157709487
-1.3656941641642547e-05
1.3900341535933865e-05
-0.0007663165960222158
0.1998652043333176
-173.70166094884908
0.0008276071602605245
-0.0012051279149196384
0.0014094911628685085
0.0013386333201300053
74.67306166062185
2.0661421752828817
-0.14129379747752877
-1.3307421141053137
-2.3051033463790417e-05
-0.09496801975563227
-0.00011766132063462666
0.001579578052430405
-0.3454911165910482
0.36891528370057286
0.0012184003419909012
-0.42559733240954206
96.36206371113792
-46.34929592659063
0.00013545855948540058
0.17818453900504536
-0.23504745928142656
-0.10422227361361314
-3082.3121643157688
0.002825112080814144
4.4657958548617875e-07
-0.01822118209827373
0.0003809100309570817
0.13645413654292213
-0.002330827358865729
2.47564448584865
3.871020185318532
-144.48551266628556
0.0019333528702847418
197.4809418526209
-0.038486830375052204
-0.27909447974069657
-0.40409379503140713
67.12370385006118
7.736058309923979e-06
128.62842328201512
0.07514270598977378
189.7330913023597
-29.667300606286496
76.58397380716528
-0.0012941283195418189
3754.4935308557438
-0.007764124784340759
0.0006101085828101694
-0.1815106091235582
231.3671786322801
-242.76017743109358
-0.030703202064871177
0.47137430636868977
0.3051386675824588
1.725934826744943e-06
0.15673582766613126
-1.2763756858728096e-05
-31.470778184186283
-3.7167466613344523e-06
328.5597532483512
-1.1744642956078323e-11
-0.004289919759560785
0.8319836010453228
0.001350322419597425
-22.7028268257114
-119.69114632370344
-0.039354719039364223
-0.000107839983964028
-1.4380235724206336e-12
-0.00021533648720139045
-85.08887214721128
-8.744484348900217
0.9900247068281147
339.00792341501756
-0.0004742719334689229
0.0005719617017809369
302.3135570852143
-349.9976091389429
5.611979704834493e-06
19.81120655383478
-0.07690854539875565
-4.441418811040364
-3.878992101902269
-2.1608647096411643e-06
-5.017039196842243
1.3629324866105662e-05
-8.659645626789752
-38.24954876602353
2.7056221325840454e-07
0.0004947878786102979
0.32813139232505195
3.5444375084984402e-09
2.900002914034541e-06
71.25647435822206
2.3760581540956487
17.424156650862447
-0.020748263778608146
59.69937211064489
-0.03250674434189913
0.0009143610686056357
-2.0046400622014867e-09
0.0004046188355846717
19.956004641375092
-0.012343966365924051
0.2707558963003494
-0.07990359352012401
-9.276622445967967e-07
-0.0005371035375831232
-0.227853188700675
4.1578311538741855e-06
-1.2340107341089553e-14
229.14162238592078
0.001075607364017364
1.6155473238346375e-07
-0.043603258949112475
-0.7964559873252992
-3.1837216993820285e-05
0.3370157786254454
2.632692340351127
-0.00045282464081526294
-295.418107946566
-1.822632436176645
-230.00691311078128
-0.0021710857765575562
0.00018904641961485597
-0.0004916397009251157
0.022429402994981307
-0.06827052525038634
2.7980674723014466e-09
-0.0002485530183271856
-2.056380609729376e-06
-1.732754251636364e-05
1.6677159844480006e-09
8.697159333315537e-07
0.1837556866971537
0.0003086016155391748
-0.5002354761542628
-8.3544136922667e-08
1.7240756303082455e-12
0.00042900831819058937
0.001796486121339782
0.12125635019567413
0.22029484892123344
-0.000475695745670247
-5.000118206522063e-07
-0.2513146540674058
-3.333733938199721e-06
-3398.5116016158863
-5.7542369133760145e-05
7.128526909442483
9.110893014842665e-06
-8.388532303510094e-06
2.0491582379583863e-06
0.041958382080808265
-4.63369589119512e-06
-0.301407120634192
-5.934432185612749e-05
-0.006537403804006422
-2.9242822214343485
-5.258517565176962e-18
9.427240161789062e-05
-0.009232414005535835
-0.06477063760142748
-0.0010270837818871091
-0.023038699611715358
-0.0017062371981236702
-0.2787503112459078
-9.773609178697742e-05
-0.8911250073566066
324.2898577385513
-2.222168292896397
-5.597945330640016e-05
-0.04613551310328721
2.8843560856008586e-05
-0.09649566486197793
9.030946734824774
0.01986689425372607
-0.00029140462570882974
-0.03638906630787794
0.09200906976196771
5.9137041750766255e-09
-3.562188417678372e-09
0.054207006825664344
-2.0091261368215782e-06
-0.0005781265617381584
0.20283502768481768
-3.994997434984852e-05
-0.00022768361011828696
-0.6290883721107184
2.1854655723383587
4.079947777299576e-15
-2.3251938581492154e-09
-11.432951451049062
-1.8167253245590245e-10
-0.07063900372382906
5618.945989006683
-2.666340289592767e-07
0.11359823153491674
0.128618089784497
1.127820778681468e-06
-0.0001549068105120622
4.500390411142542
-0.032875452031911286
0.24025435913295035
-0.08475748666226371
-8.062599051765249e-05
-1.3453966419091914
0.07819912475061366
7.222330502409788
-2.5264785499080507
0.00022921158532942688
0.0007237212585348307
-8.553354694332993
-4.190958587527204e-05
-0.0060795053025384915
-3.2008275315973382e-09
-0.00030013413318195344
2.5382681396616595
-349.28265205112723
-0.001446434814406264
393.6399126763578
0.9913517672894567
-8.57414093394449e-05
0.0645233630368342
0.038950590609950396
0.0001232380393444695
0.01444717217784754
0.0439976492134286
0.3908224992255186
4.803239885950529e-05
1.3173429323148347e-05
9.28974231174171e-05
-0.09745876393390404
-0.0016041866145959129
-15.024904493363639
-3.1068403131034994e-06
0.3649832345150792
-4.949857888113015e-19
0.0010894369300522356
2.723924059520937e-10
0.00011030894673313197
11.26402810779486
0.0055207653595033416
10.428631378361779
2.7420647943681416e-06
-4.199946404505184e-12
-1.4114612652206954e-16
-0.09794237013655513
-1.3935141437110316e-05
0.00269257599074107
0.009990757195347531
308.46583850314545
0.03798308984710806
1.8036937776181787e-05
129.75858719069345
-6.231508498089529e-09
0.40824359831179446
-2.7982841330289555e-09
27.952020729612887
-0.8692268846668867
0.01295082854694641
-8.274056530103892e-08
364.4775094801806
0.00013239574989380465
3.7236473130249886e-09
1151.610493207136
-8.106198162650964e-07
-0.08672699551061988
-0.1384134172381523
9.979760969027397e-08
-2.4693687563875615e-05
-0.9875396094383002
281.8761337654991
-1.2307742714448045e-21
0.13882414268554252
-7.332010169912105e-13
-19.552643891211016
-313.15387749437195
-51.42470499138116
1.2192015507529699
-9.326969150920914e-06
10.094767661690495
3.755720761337233
-0.15165706937522028
-0.00031871681911745646
310.99773195701374
11.04668300938796
-315.04993556286314
-0.0016967419855758077
-1.758017304584796e-06
-1.8707017968313307e-08
-1155.3782317794598
-1.1877180028699163e-20
-79.62096884779295
-15.531025568440201
0.008940891681607875
5.084720546468763
-0.0022302884190684197
-1996.439290887508
-0.6475790060018012
-305.22474826810026
-3.492596996807749
0.032982982233270966
16.747775820335455
89.49298036374621
-2869.973294958336
-332.1733778970147
-45.663252555367535
-469.2376130212075
8.872149455963642e-19
15.930284036058309
8.838037461017474e-12
2.4359075538423197e-08
5.521085861942318e-05
0.005998706953745376
1.85019313044173e-05
-4697.208615963809
56.45880514439071
-163.4638966373134
-0.00016300041200301905
21.237891073562782
345.641420971919
-96.56347912197977
8.432464623480616
0.00043964197618182944
0.05966771941611415
0.37849115401021427
0.00012708072141882004
0.2466984572080066
31.89099071964007
0.0003658369528780026
9.127079952197906e-08
-5.75223232645171e-08
-44.43699514185884
-320.1312532380722
-0.6703239344869248
37.319838637797275
4.60253401175314
5121.34179122322
0.42000863706246194
-0.04099584799973863
-1.0027179148105527e-05
0.01981426076398083
0.24638749999406345
0.00022216034068959928
1.7957057151419134e-05
-0.031085916257194895
6.576471608712512e-10
3045.603082750991
0.036731052527636976
0.13633140718246228
-0.09544419703941354
-22.90826158294961
0.1459782263401279
-0.0482911833007096
-9.468194421471978
-292.3528130855443
-0.4923722206402557
-15.126597950870158
1.5380169281363921e-06
-0.09059016297519332
-3.506377137354286
-11.425351946211924
-14.37133269081209
0.002464928407236622
9.688544674347463e-10
199.13504869820767
-5.275163634070805e-05
-0.023712882628801623
-6.294881372329242
2.2367905244152775
7.527526808163203
-0.0010138730692029428
2042.9510524585046
360.17576117468406
-3.572708119344611e-09
-367.91132762786833
-1.8910012542929355e-05
-0.7495100947373294
7.257966750577023
-4.260681445245437
9.029066135724342
3.166371475753264
-0.020768962705344316
-3650.404720297232
-0.0009115874229466593
-4.677293507576822
2817.1300724696493
5.215746632960271e-11
0.07975473282237372
108.31211298946798
-1260.4769357152106
-0.01450949799480916
-10.518595268088182
4.465789451716876
-0.5549544669373485
-0.000899912502911426
0.0025307770799622383
-10.321905984932942
-6.366792309221223e-05
-0.054024552665286135
-51.16389758268002
-46.04647139213591
-47.87129506526724
-4.2554297489528725
-38.419946254249865
-0.012259266414608557
-5534.690084154199
-51.19842117121587
127.91092468249126
18.28495884150619
-21.986153807068998
-94.6395463387396
-28.419868727133963
-40.041249785493065
0.0005361921162876092
299.8955974140713
-31.222075470943963
-4.295173432835648
0.8316777795405645
-19.315573511557016
-7.697915603488055
2.4180143543891686
6.636876201557255
414.15833945408457
-1.9682466867467217
8.034489101745622
0.03152490984937365
0.3222404576735414
0.0035053929238384705
-0.000535225537967613
-0.4423159092712008
-2.4709600295053185
0.02106488118544096
1142.393259042573
-4.805536806073841
-5574.630629478892
-4.775091655095112e-08
-1.6851883149722595
2.6408030665629e-05
8.98801983551341e-08
1.3043831243346908
-1.6496653987059853
-0.30340813207583506
-0.002227752856201817
-3.9292065237722835
0.0008526191508860423
4.1821855997074104e-05
-3868.1927648445344
-0.06262829263189541
-2.1736945543706073e-05
75.14882859675062
32.96280277222337
-0.0001015401758128485
92.78307093647165
-4406.972365614696
104.95711561943817
102.83549942549978
0.0009895345423660369
54.26857086237479
-0.0028619464388716037
97.14144078876102
-0.0006014605809193417
0.0015799169727622711
81.53743000441817
-526.0569579310148
62.51959912025204
5244.2092755411095
-2794.2190586623833
43.795924341856264
-0.000533771019527758
-0.0018581667744917262
-0.044989958263028595
0.41207422375335795
0.07977415017929324
2.0218818129884055
-0.001633731057571035
0.0022124770197147706
0.0003799682397468761
0.00019571698197976963
-0.005460409438591411
28.431183446081988
2.189453738435123e-09
796.7186322640468
-2191.379466014936
-0.10890123635375522
6.232132241925537
-5.99830866361927e-08
9.117615356557728
4.675453225562447
-0.00019507195256253786
454.04978919883257
-1.0761730150743893e-11
-0.011979185999914653
2277.767801982802
-2.891574689966333e-07
-125.19631971194593
4.760491503430788
-0.0041442660268369005
2.3397758439534682e-08
539.0657874821352
123.8429312184737
-0.000248285413728742
0.02662106728383315
-0.00014962184743726718
0.9312796086908017
-3.6362713474368245
-1.41984321379951
8.664080072780303e-05
1.9070892167056797
0.001443323223544537
-0.012661607950842743
1.4270933491206945e-06
9.209416709640648e-05
-1.1951276722207647e-10
2177.5659860189066
-0.14822724352212016
3.2691370965365643
0.000315829572670514
-1.6137689552182553
-5.688517323105726e-05
-0.18113193191275428
-4905.577286017403
4.500621921876211e-05
2348.256986537453
0.0511611188105568
-0.0015933858946444843
0.13254011457231643
4228.163148769806
9.751157843194426e-05
0.023893041664929258
-0.24023915258446196
-0.008156394401790116
-3325.162427819669
-2288.3058570522594
0.07932374692549793
3367.1278648699235
0.0034433891559148065
0.01190484420184079
-2607.441468696522
-4.938681083112033e-10
0.00018671849989727995
-0.00012404433393554333
-3414.9436203458285
-1.104258208957022
-3.2653005121695964
0.0001263169678415838
0.1395673296898047
-1897.8382243263788
-0.0705072044351281
0.05692818792893799
-261.2470520221467
-653.8696917361477
-0.10445260241950219
0.0001733106381435236
-96.54981203811522
38.11464896241967
26.81050379610005
-126.40555720027794
-1709.276509273165
3192.577357193691
37.97246782731999
-42.83928610992238
0.19681800194599894
2203.7972443509625
0.09952097305325709
-112.96544672745408
5877.282463806928
26.880028896584
12.931832891910066
4495.443187935541
-67.86382749614054
1.0183993005663
13.589597060775684
1391.1085806175981
3.0435159533866717e-05
-2.8620270882386437e-09
4474.969390700808
-1048.5973804239736
-0.04228061510433153
-6.983467995187192e-07
-0.0003634221036944739
0.6168771769320799
-0.057317143285496086
0.0012187806027813212
5045.309866979027
-28.414262212124104
-0.03251285635735693
-16.11222105557538
-572.5001379923657
-0.0207338117517954
2.6527646144672277
16.794043145670226
0.04417148757024871
-0.00011867164938660001
0.001173089858362133
-0.35550824277980003
0.005207051080001397
0.2864527569863187
-4.378598507181192
8.732636399569156e-05
1.1538392799186166e-05
-260.2278354780687
-0.10306545327151334
-1.9468535791990607
-2.022147861053816e-06
6.094569196471785e-06
2.246253691985506
-5.348663109437533e-06
0.01570471721002268
0.1162790136349258
-4783.55043389303
2.900492365826037
-3455.6848219484277
-0.4938259591289314
-0.0030071306929936657
1539.944340709887
-1190.2503655780147
0.016530524978377193
-2.99995503313484e-07
-254.36380676279285
0.34356558533033776
-3.590549223170075e-05
-935.2653854303057
920.0931214043918
1.657073876747977e-14
-0.15484837807952065
-0.06253944984963461
3153.040048753731
0.002295519627363515
-0.029388421076720492
-0.04302378014530756
-0.002418247169330746
2.6183268873550044e-06
0.0532694065358886
-0.09848143721790861
0.0008690720566932973
0.7666232974392995
-2.842753679516926
-0.3646548144323703
0.006412207257347341
0.24282316610087826
-0.025635286238632322
146.68689704956938
0.01895218434553697
0.004279252533823885
4.826877328581022e-06
0.000601503975336891
-1.0472789053053501e-05
-165.15121032649543
-0.00021003683497158057
-360.0321197396466
-1273.5140777470401
1065.518947804526
354.2165567533053
2.798315679080272e-23
-0.00028335474004871966
486.8992919782184
107.16405978409033
452.479583979788
-7.853338932833014e-05
277.09353463278353
0.005611070095066826
158.79905889142168
-472.66122028258945
-1.0037135988026167e-06
251.576280202034
0.008939604133444148
-373.7386905797396
-84.47802321932198
0.09631419645741152
-276.47650602148764
-174.2943607309373
-0.007399773049185709
2.6629863512135794e-12
3.3390386656029167e-10
3.5202932591367804e-14
3.5671508400452156e-07
-2.370572274263856e-18
-109.47724443410638
-0.0008874119016006317
99.15022205287286
8.466470961165433e-11
51.9344495386871
-0.0032818589147028563
-149.62853425702414
0.0019184264984681556
0.0024994183605553345
-8.488853728857548e-13
-0.0022357407948740186
-0.22112314135217598
-0.0009046607297434374
-4.861702958239742e-12
0.00035050446582899193
9.593933736528233e-05
-0.00025645056030281096
-1.537602114980447e-05
-7.558961795723676e-05
2.8484974405836234e-05
-1.6393146225879882e-05
-0.27914180830904
-0.0007118313427003511
-0.0029080850075631497
-8.597907617877933e-22
-0.00019923899977563762
-2.3313947971770956e-14
-288.1002040679026
-0.0030272760143897843
2.3512366000246385e-07
1.7013786555976234e-06
9.230691696038188e-08
-1.0942942873815968e-05
-7.109032363615575e-08
4.597068866958412e-05
2.299553249931105e-08
0.0003648775586484436
1.3379402315617865e-07
-3949.2654000730545
-2.0717371201726328e-10
-5.278194106552923e-10
-4.902583092946658e-07
0.09568429927324196
0.3243752567556609
1.65115881319371e-08
0.007315563324309389
-0.012372179101515418
0.000108279419093266
-2.9053337260102926e-13
3.9710692517831335e-12
1.7636685279194852e-06
-5.924309780852294e-16
-1.5056508813452252e-08
2.434039159106181e-05
2134.9794538145015
765.9214039656121
8.249568910343503e-07
-1.076529073817327e-05
-373.731432936465
484.2526189122059
23.594191259566564
1.018406828581431e-12
-2.4376410953564653e-12
-0.008743534548339612
0.00010440703598061168
-0.009416927738648249
364.8584555970118
0.006813625723242967
-418.19736742407116
-1.3731004368777537e-06
-4.264621843501282
173.7372129206083
2.0766966567771706e-10
-230.10477529078784
572.1900035366882
66.41363486412715
-8.466169495097691e-13
0.0008558794521513263
0.0016517333269261765
-2064.530599671549
-2.789246423281296e-09
1.0739504852667834
-3.119837521758166e-07
-4.187342156302141
1.146713236775865e-05
2.282658426913752e-11
-7.86638517383683e-11
1.0511946267098286e-09
-2.331456597068912
2.9880306645926935e-05
0.12474522815010185
0.002111974106054655
2.2101506961727205e-06
0.00028413716974566073
1.7616167873689958e-13
-1.0580126341056812e-08
7.1503744334212414e-06
-4.345540299362852e-10
-1.5137890064883548e-12
-0.08620175455676622
9.49369926771248e-21
-9.587925486065044e-23
-2.3530760297696257e-06
2.8751871944968363e-05
190.57953917754102
0.3165303575726613
-0.7980685180194848
3.6339771452034965e-07
39.75694262973026
5.358861548845315e-06
4.9422853245097e-13
1.9507701641084223e-12
7.165688579530664e-06
-9.109661194624039e-07
-5.155340410969228e-05
-1.6904267007833595e-08
-7.485939178140047e-10
0.0363244374278497
1.3224535951861064e-09
-0.0001832560417684578
-3.6623545416921204e-06
-4.025735653319204
-0.0001738504569400361
-884.0496407105821
-6.281890052857759e-07
-3.309985744277505e-10
-3.9995320649211004
-4.4452363728131396e-05
2.489451049095204e-05
-7.443988658170577e-05
-0.5695420776798287
6.508171813378089e-13
-8.044609859328256e-16
7.077422228774256e-11
-4.738188389593374e-05
2.0376512793318e-06
1.4696860854661702e-12
4.2788906703117276e-11
8.649436429571686e-11
-1129.1274080973328
-653.3622127232238
4709.219816848828
5.44663591453991e-10
-4.20799148737615e-06
-1.6284160810522902e-08
-1.6564285187287006e-07
-0.00021214141788593755
6.107910114892913e-13
-0.9394861791290492
3.748905943578237e-06
-1.6594336622241682e-06
-2.8765143702423574e-05
-42.17419713265995
323.2978304054889
7.453966021778676e-08
-4.686418422317996e-07
2.4721279302620393e-06
-7.364468556598198e-05
-2.7735236039231363e-06
17.214511987486638
-2.652995984625857e-11
1.554011550829444e-10
-1.4797998083942786e-09
15.996397587608
0.006841226133197117
-75.6372813392751
-5.546871411884658e-10
1.1836617014324386e-06
-3.362180753739518e-10
-2.0316411287469387e-05
-3.533881623816848e-06
-3.978485476293603e-06
4.6912582377884985e-05
1.6224732745567937e-11
-1.6131978972588695e-07
5.566315845272405e-10
4.5991001337543405e-06
4.0622665927268866e-05
5.6025263964811993e-08
2.832475996751593e-05
-1.924433080568772e-07
-3.6490747998088463e-11
-3.865053201831886e-12
6.458409361275991e-07
-0.8395693892878328
-0.024393297766246363
-6.443566096083528e-08
-8.079721111550124e-10
14.694903932344896
4.5597424312811994e-07
-2.1256463762189842e-05
-7.991973571759137e-05
1.3235434525493546e-06
6.1405225466130645e-09
-0.003549975892002747
1.478264138227152e-05
-0.0010102445805238935
1.5672056291415058e-09
-0.004133087221576225
2112.8599099523067
-0.0017871917164885562
-4.010939599206443
-3.3874027059502255e-11
-4.31789952571206e-10
0.007252002169366806
-1.764516978166945e-07
3.8458360099082603e-10
1.2863212040119988e-09
-8.744649955559252e-06
-1.121618431697149e-06
266.21264934816696
-8.532618835912528e-08
1.1111520256080043e-06
4995.843775083404
6.82038183030514e-05
-0.0009256286498727488
1.4221472889799484e-05
1.4115912079475097e-13
-1.2294842437789088e-13
-0.0020460339914307487
0.00027973733859655814
-2.7411616436243574e-07
-0.11180124543946185
-60.61708644283006
-49.86311503741672
73.75444188678227
-0.0014677378827053565
-8.367867141627586e-06
-3.39046304583999e-09
-3.1267330544444923e-06
-580.1667617908654
1681.922216297639
9.129525362924694e-10
8.861014480293549e-08
-972.7518668031671
0.00010348076568740403
2.092654747964874e-06
2.2028923718882827e-07
-0.0006629792617275425
-1.9198955227830963e-13
2.9684918786038815e-07
1.401334368236209e-09
1.5168983065138999e-12
-0.0001690031673136481
-7.445682844009719e-07
0.006884885384772305
5.904267500661151
-1.0303568070985747e-05
-8.334421532258084e-14
3.008037156893253e-05
2.592073531101635e-13
-7.864844465677867e-06
-0.010679349603778487
-3.036203623654081e-05
3.497142067171386e-16
-9.445731294911621e-11
-5.565342829928459e-10
-7.524903359951672e-11
-4.1878499520551085e-07
-3.3909626500553526e-05
-1.6920767349555328e-19
11.306836669924532
-209.13376881414686
-1.197654895261721e-07
-72.76192509881672
3.63619970100717e-22
6.559232414975457
-4.449253813378615e-05
-8.580038455219283
-116.89756190802181
9.635524572219391e-11
0.02152168104601513
-1.6882169134940675e-07
975.6993653066685
1.3582835050755182e-08
3.9846504411532455e-09
8.835165211160909e-10
-8.31014004463237e-06
4.573039771768593e-05
0.5182734984505004
2.704330455519139e-07
-1548.713350809212
-2.0612652733346858e-06
0.0002251762881736122
1.0618692103450471e-15
-137.45715605245547
-1.2431040765069286
-0.0023201903924412407
1.8946865603104414e-06
1.0375854176646683e-09
1.062517714664537e-06
0.00302514542168995
7.493288547738944e-19
-3.162730317012554e-09
6.481045504125232e-15
-0.00023333379658777243
3.890937606437296
481.9665161516926
2.4383428416817187e-14
-6.782055666715568e-12
5.570623913078185
5.135161751815679e-10
2.4836359163384794e-05
-9.301813461836825e-07
1.53297250386578e-07
-0.0027601951352980575
-112.75283662051339
-1.3329284685427565e-10
-4.853441230311034e-07
1.754723312012988e-09
-2.2123324337775583
-2.548457824856268e-11
-9.65370899545884e-15
1111.7035213670347
-1.0260646923457963e-10
1.4189350592817324e-06
8.61885947858763e-10
0.00010007531913492651
586.7033772031131
-297.97104050862276
2.802564867027956
-2.0768360246488848e-10
3.115550079625449e-05
0.10298634346803619
0.0007125001131787969
-8.017360056594736e-13
1.3684885224023955e-13
-183.1924568563362
0.002194414698678738
-2.309718339518337e-05
8.410873907088537e-20
-2691.038901205027
-1.9493531429394897
7.450933783297083e-07
3.849500122008072e-11
3.4387078044459436e-08
-27.30361928801453
-4.061416621567124e-10
79.52425750423139
2.0326511172317346e-07
-0.012110979065116226
3.1277509772994e-10
-2521.921337840051
1.897170021271937e-06
-2.6748349055341573e-06
-0.004494280971586225
-6.907773709720943e-05
340.1674135512311
-3.083534857099824e-06
59.70030284613058
1.1506892008879817e-07
6.862347119705244e-06
1.441117977000232e-10
1.0983732880751864e-11
3.9597821990696267e-14
2310.138290402203
-0.0002539646859685529
49.571035442705046
1.370065568931625e-07
-3.1555269483105615e-05
2.0590724982823943e-06
4.000125554735161e-05
1.8224876521528195e-07
2.818084011587479e-10
0.00070430081587038
3.501104266226091e-10
-4.374561912113543e-05
1.568827529403719e-11
-7.734147286323851e-08
0.001544741110260688
-1.1809015671271814e-06
-7.686272670944859e-09
3.224029128274199e-07
-5.83823873427802e-07
-1.3391074218829795e-11
1.2436841283868366e-10
-1.3363292277962534e-06
-1.0705458135240803e-09
0.015274047495411806
-0.005361292367747419
-0.003591319382254297
-2.525169973177979e-09
-0.3601448126525817
-3.7440196022498223e-10
-0.32156205115463377
4.8657433925366105
0.0057506643204585945
-15.814582419950696
0.0015708282426195575
-3.014287643135843e-07
0.19506591455948716
1.090257062253416e-07
6.684420313185497
-5.0847265545795925e-12
0.23564418360492972
0.015554855656503044
2.7172305880846214e-13
2.6162329278562417
-0.0003148149931871838
0.20848373983236146
2.0879416841960854e-07
5.24075721930306e-15
-0.05311805692986884
-0.0011168877334487015
7.887837716548874e-05
-1.4648814209038749e-06
1.0469534649133252e-05
1.5674327167475308e-08
-5.63573876813556e-17
0.005671320549646222
9.49127115850637e-07
3.462748443974637e-08
-7.21951784761274e-13
3.2845937948705033
1.187018101158337e-05
-213.7954390511253
5.686528374198409e-06
-4.622228535615155e-10
-3.2233645274663257e-12
2.2258947612490788e-10
1.8335072110686945e-08
1.4229684708981862
-8.758993340449845e-08
2.252434512128029e-17
0.0005406920197231323
5.645770816194331e-09
-0.00012269830988193592
-1.8107405318258788e-06
-1.7111173785914097e-09
-0.8551422357744177
-1.671206070130888e-09
-11.268933428042205
-0.010331273612493886
225.8634820147583
9.880572750502592e-05
174.62316974784224
0.000319655357227751
-11.660169969265732
7.821731701734425e-06
-2.9030636154139993e-06
1.757279950252846e-06
-0.00020556785023196562
-4.105219115477176e-06
-2.210708887933211e-07
6.93138559620417e-13
-6.880575226248954e-07
-0.006983539490938362
-4.7654933528463217e-07
1.0717612823486162e-07
0.06785941368642247
26.710599871072485
-6.1760897922153575
0.0004808939412087011
-1.486505493681525e-10
1.0552993246816253e-12
3.225351245643037e-10
-0.21422289393717817
1.8620908104567446e-10
0.0004379212187882671
0.005087218346098631
5.923610498171849e-07
-468.9351956392799
-1.4665242565108555e-12
-2.4847270378264595e-05
0.0007243405195207732
0.00016141211896820672
-6.002922733909435e-11
-8.685742539160167
-3.6032966258431683e-07
9.971236037012224e-11
1.3111506641948812e-15
-2.254619968129957
-0.000551643360733922
-6.458542228112645e-17
-1.6093051987614804e-16
-1.958124702147931e-10
2.364072975185958e-11
-8.103510192624152e-08
-4.27321584023697e-05
17.034806156914456
