1.5314137094887446e-14
5.732726817516593e-14
1.9810087980370995e-13
6.319285885126402e-13
1.8608271923248325e-12
5.058252742794995e-12
1.2692624997351617e-11
2.940077739249627e-11
6.28669831624377e-11
1.240917381567867e-10
2.2610988906862165e-10
3.8032308528395593e-10
5.905303998874576e-10
8.464245923519755e-10
1.119929612038571e-09
1.3678851170923804e-09
1.5422861628482913e-09
1.6052280551856116e-09
1.5422861628591402e-09
1.367885117111625e-09
1.1199296120622169e-09
8.464245923757948e-10
5.905303999082297e-10
3.8032308530000655e-10
2.2610988907972092e-10
1.2409173816352794e-10
6.2866983166041e-11
2.9400777394238015e-11
1.2692624998119193e-11
5.0582527431059215e-12
1.8608271924406434e-12
6.319285885520142e-13
1.9810087981585253e-13
5.732726817856656e-14
1.5314137095756973e-14
3.77641971319722e-15
8.596554538784482e-16
1.8064461966408046e-16
3.50414509619979e-17
6.274737640980594e-18
1.0372071559334867e-18
1.5826754961520464e-19
2.229331712176339e-20
2.8987712865355495e-21
3.4794423820361277e-22
3.8553320526753156e-23
3.943395806308559e-24
3.7233631218093487e-25
3.245314999970866e-26
2.6111676867433297e-27
1.750318043975822e-27
9.774700938087699e-27
5.039024026708358e-26
2.3979814592999566e-25
1.053420229453663e-24
4.271829679547897e-24
1.5991258542408048e-23
5.525960833752009e-23
1.762744634606351e-22
5.190718079267372e-22
1.4109834631510296e-21
3.540567244441506e-21
8.201253044095353e-21
1.7536544362470566e-20
3.461499441737687e-20
6.307263210339029e-20
1.0608991113736332e-19
1.6472657083455862e-19
2.3610743933744253e-19
3.124007919029757e-19
3.815671888830562e-19
4.3021580413335266e-19
4.4777324417183015e-19
4.3021580413738465e-19
3.81567188890184e-19
3.1240079191152396e-19
2.361074393456596e-19
1.6472657084136012e-19
1.0608991114233698e-19
6.307263210664392e-20
3.461499441929507e-20
1.753654436349382e-20
8.201253044590502e-21
3.5405672446593675e-21
1.4109834632382326e-21
5.190718079584966e-22
1.7627446347115239e-22
5.525960834068519e-23
1.5991258543275572e-23
4.2718296797670166e-24
1.0534202295044936e-24
2.397981459406704e-25
5.0390240269078595e-26
9.774700938416215e-27
1.7503180440233305e-27
2.8932562671017444e-28
4.4148227977701105e-29
6.218649679373126e-30
8.086030012093973e-31
9.705793505389495e-32
1.7260344189430814e-31
4.5443763553061914e-30
1.1022970298238047e-28
2.465769613503403e-27
5.092571266018404e-26
9.722724647372497e-25
1.718105401338853e-23
2.813562043569481e-22
4.2747536075533626e-21
6.031982195431853e-20
7.911438235351544e-19
9.649269984690754e-18
1.094258053364614e-16
1.1525285600044721e-15
1.1245722685529597e-14
1.0132495445547402e-13
8.40314114758378e-13
6.392300799271052e-12
4.445522336609284e-11
2.8202749750974065e-10
1.6317517071738099e-09
8.62558517277706e-09
4.17912380104939e-08
1.862654469804713e-07
7.662603924127133e-07
2.9144347695728283e-06
1.0133065663023166e-05
3.1828098729761895e-05
9.061383432153448e-05
0.00023531582854926698
0.00056022285832575
0.0012277909974230939
0.0024860622689484987
0.004666336600338758
0.008146052616894904
0.01327170928246646
0.0202578193637737
0.02910290803039277
0.03957890899967846
0.05134625094444601
0.06423106029793613
0.07867886188483032
0.09529947772708519
0.11379531639040052
0.13312009611323733
0.15169634930242967
0.1672921962709715
0.17734652698090578
0.17955093494308413
0.1725402404501143
0.1564451037173415
0.13305834517667198
0.1054916204639739
0.07830536535648114
0.056687472677660104
0.04115526241971234
0.029442839929882614
0.020225662047516045
0.012982560113110437
0.0075774788162211145
0.003918607938125688
0.001759717290820072
0.0006825165864449523
0.00023236919891712605
7.156228835019327e-05
2.0402845408871556e-05
5.434235449877906e-06
1.355126964264692e-06
3.162119554232545e-07
6.893047313639843e-08
1.4007748263637716e-08
2.6477184593960537e-09
4.644334426230047e-10
7.542579785470084e-11
1.1315074258201784e-11
1.5643723802513067e-12
1.9888666247851808e-13
2.3205586189270506e-14
7.221428740977734e-05
0.00027354923591033596
8.72371161756635e-07
0.0019917341723518197
1.056434327067858e-06
1.2119980716929959e-06
2.9211030034117387e-05
1.109934146636583e-07
3.744162762190945e-17
3.231704197227845e-23
0.0014113893754209848
9.858798323914338e-14
7.128314751390694e-07
2.4548978976399637e-22
0.03408792037989932
0.0014073688061659393
8.709311629143042e-06
0.0034017849956146083
1.2185854072656555e-06
2.9191806280825387e-06
9.043830258637898e-05
3.103247696102569e-05
0.009278299220998185
0.0006034703541932501
0.03019464444011768
0.04138859501471421
3.213114708094522e-16
2.457475549964857e-22
0.03179452868838604
5.664949628574942e-09
2.2259570660614476e-18
0.07870220487552282
1.1033618558493065e-28
8.729540297892066e-05
5.255524219117e-09
1.1105938219940111e-07
7.252979431673444e-05
8.662351813717223e-10
0.00012022889900063509
0.02465123984409839
8.352458970698191e-18
5.85887255178941e-22
9.844071521677962e-14
0.015320998346844162
6.085655347353732e-06
6.837795732497985e-07
4.226792807535649e-06
0.07523071941716426
0.05536702533449423
1.1848914935337876e-09
0.0001550734455087121
8.685682170931741e-06
1.6019620810420798e-12
0.0002297794233611929
0.015589322001477592
0.001570002783731593
0.04218552519599581
3.448895987669546e-16
1.2026738556884562e-06
0.0002795934552933639
0.0011934719244450036
4.373953867259985e-09
0.018655109229710514
0.00022885226159368642
0.0005790587434544927
2.7451578152128045e-05
3.857155217747156e-05
4.822421398635375e-13
6.096093765295716e-06
0.0016957176888809634
1.2391154948318723e-07
0.07802922221307668
1.2908686524895045e-22
8.720035983623117e-28
4.136874086402522e-14
2.4008606066442866e-09
0.0234827013574777
7.959965774554505e-05
0.057834582407005515
0.009326897549822149
3.0998030507771544e-10
1.3075485908321549e-09
3.101343356847636e-10
1.7269956079889748e-31
1.8591787975438754e-09
5.582854186068808e-07
3.1555070310193576e-07
0.01565934565302517
0.04244303265339421
0.16812933893628254
2.6063277723419343e-09
2.5266141512405433e-09
8.602061077928852e-08
0.01859811268914073
3.2266119866817345e-23
9.935476009902856e-18
2.354695045906329e-06
0.034769319152106105
0.0031370006286788954
0.05719899900821398
0.04207760305916731
0.1263808860114682
0.023960339127642564
0.00619221790232947
1.0358362743430838e-07
6.9177207682388355e-19
3.398805346526828e-08
0.07205452173011884
7.430516738228979e-10
3.3200728258324443e-06
1.1945859969815348e-06
6.9795042954256e-23
0.09886147500338172
3.683765524140539e-12
0.0004953479677662981
0.003428626006932689
1.5462575601780035e-10
9.70015409786293e-14
2.0171726525426295e-09
0.007761723824557255
0.000582198895781056
3.994236669691395e-09
9.040906043520137e-12
8.587634548519253e-08
1.18633082890961e-09
0.0014721816859229121
0.02230264193328375
0.0001175639101020674
0.10215615729866093
0.015379626927407257
0.03335304517029068
3.682973310622712e-29
0.031914463664245836
2.745060394385181e-05
4.2163883061379085e-09
3.600861367590705e-25
6.99249278846148e-10
9.71666986504953e-17
6.362656016218053e-14
0.03397982622355831
0.0976352149037745
2.6761072821015917e-05
0.0003274035456188078
1.2435104505031004e-12
0.06411266460174374
5.715127540392229e-05
0.17019054774283232
0.024233238652203275
2.0456088215145296e-11
1.3644973353550582e-06
0.0269759296349828
0.033577061115438456
0.12905874021936428
1.5912409488376264e-18
3.6750565923186515e-06
0.11310582908875634
0.03770969298053991
6.832285065815606e-06
0.1334953410606064
0.10266100016341553
0.18055064771058274
1.3263151968470403e-11
4.723795887401839e-24
0.15304291235239206
0.0006067249326470145
0.0004935908715348145
8.426438576761968e-09
0.00010482711370209382
3.2555596940382954e-11
1.0766384356811077e-08
0.0529650669509967
6.353290071958393e-14
8.793842714655337e-06
0.13339515248396555
0.08614597497669543
0.14587599015194982
1.8637388931943105e-08
0.0323153633717593
2.363924673277615e-09
1.8588860257233672e-08
0.032463117105959054
3.117231064416235e-20
0.00032474930930142946
2.6634765859299584e-06
0.00010047557038329442
0.024753330455897702
1.4058203915191102e-06
5.932253937564009e-06
0.17298970792865995
0.17377279060896172
1.3735111879806575e-05
0.035052749881314106
0.003118058059395452
3.2367802820439795e-20
1.5285836000851243e-09
0.0005807443229575081
0.0002409944713816285
8.738899676117629e-07
0.00027208459329585225
1.7988801194899445e-14
0.0001979472857688224
2.5713985896647656e-07
4.69963547409365e-06
3.690641264953347e-12
2.391784383459248e-10
0.0006051045608930608
2.3284406719911547e-05
8.735767618292157e-06
0.0002835070177414198
0.17960082997606291
2.3967392057204217e-11
0.00924315711419857
4.564707197006603e-06
4.18930752293981e-08
0.17896556471178804
0.00023943306969377438
2.6384532208746934e-17
2.7381786987295018e-05
0.012995840247969483
0.179338197085991
1.5991046342773043e-07
1.8034268359162152e-12
0.06791114711929233
2.1620078205921197e-09
4.4203825025751556e-18
0.07681908826478431
0.10231234061212689
1.1071406075751168e-21
7.121332747933623e-05
4.1156092885222625e-13
1.0192297201091804e-08
7.753414511262332e-09
0.08996936520463485
1.4708507628612282e-05
1.5658374791806875e-10
3.1312356844601062e-24
0.15000510957573904
3.442523906731448e-16
4.826345853906175e-06
8.744174497632255e-20
0.15238350235767253
0.0001184280225209826
1.588999794809033e-18
0.0002741710731018624
0.019489525005909912
3.2627323587188085e-11
5.804300299488156e-21
0.12849491983143482
2.469670582213819e-27
0.09332111826193502
1.0944327289901156e-05
2.007038786477747e-26
0.04253192884250885
0.17199304314592756
3.606759423071155e-19
0.009118580031938649
3.002073069027031e-11
7.997845761892844e-24
1.526565695085597e-10
3.2559691368974005e-21
9.019864419087224e-05
2.59575925041326e-10
0.02325035237578126
0.04353404707745495
0.010928477796204978
0.044684807733765264
1.595969328402366e-07
0.006150352808822895
0.0026236041325539633
0.01733251050729448
0.007101554936306615
0.017887461439948574
0.01783599820552708
3.3897541242475827e-08
0.16660851460981307
3.928893468502633e-11
0.14891320232688723
0.15906322113309043
2.490214349136421e-09
5.366987207168931e-17
8.31727227800505e-09
0.0003083354648948526
0.1198492775251096
6.5022198216958814e-24
0.0062238798919629565
0.06979805490864362
0.0701440411003991
2.358309956329751e-06
4.61504787729479e-18
0.004971590462998674
0.024447066906486375
0.0031853030958623615
0.3021208449602527
2.003894685625275e-06
4.622083992390966e-18
0.013516851245160545
0.03808550463541524
0.011830239149064224
0.0026305595158975766
0.038319223247866054
0.17842090973314118
0.053841002729090016
0.0005446049596239201
4.812550925056705e-13
2.1234683731112286e-05
0.09796369504400937
7.612584801745073e-05
0.04387361343190309
0.16944347882302307
0.176151298427962
0.18217582630892978
0.12044535316728701
0.18284955810446663
0.0005124011787954758
5.466738574762463e-06
3.0244539982145322e-05
0.1755044214884802
0.03896203005607659
0.2000094977496912
4.951450002460015e-09
5.285348639709024e-08
0.11562415045058422
0.15902182394887515
0.08353920906266021
0.0017663889969767063
0.11526515518017923
0.054236069422505966
0.10010424889332534
0.004460305409058314
0.0997846659017262
0.08326480085207989
0.0010167808418793303
0.3781530450648484
0.023531139279728035
0.42760569313265884
0.09215447615488863
0.05194208260580362
0.3651110857188973
0.5058488795934973
0.05211333502419095
0.44045792369560366
0.018335775653340127
1.1068624002529361e-07
0.09281070773005072
8.208461902561148e-09
0.06717788833232859
0.06740613574958716
0.023007901236144938
0.49645200134627526
0.5532414183948713
0.2747621220313847
8.821149811356042e-09
0.016144299086054196
0.16222777351577367
0.5317428631100339
0.5635838198453895
0.017245583944248688
0.5165722426745648
0.2245110380522867
3.232109340771494e-20
3.9148929452321175e-13
0.24495555109651557
0.07385085577578589
0.19286706715157703
5.715046940483033e-07
1.776669471542237e-06
3.90780374674246e-13
0.0056018792203736695
0.11105133957607635
0.5027992746902873
0.010019638376133976
0.0023433575467810366
0.00964076718741636
0.00018112736317486112
0.05617946946249582
0.46419643353057016
0.09881776675474352
1.0708392705396146e-12
0.0009132102124442057
0.4512096220962597
0.3801342574230109
0.002865678898818144
2.8523093764536873e-06
0.10039746713419212
0.6702886446343577
3.850482339239348e-14
0.40547868532836584
1.7791577208725227e-05
0.043862643109122364
8.755424447304321e-06
0.6167100435810844
0.16385989073810522
0.07605877329134045
0.1443898600396755
0.28346026234400407
0.07509136186322356
0.3052094021032756
3.193802054370193e-05
0.1836569518919163
0.06693424748274661
0.05433342545256177
0.17793382505205876
3.1951509584399543e-12
0.09242667494974638
0.8118366708553428
0.06518933854027276
0.8076129173876224
0.16592464629112427
0.00014852772095738713
0.005315541314677058
0.04579833471751275
2.24460946470873e-09
6.006591915385284e-16
0.4004675696762845
1.5880143286481695e-19
5.7914428590888214e-21
0.3407779134862331
0.725693106300315
1.783164386733526e-05
0.7775338700682818
0.17276817248271645
0.07189524720401351
0.03887872273630084
3.2166823506523504e-13
0.4846199532396651
9.663448538690869e-18
0.1369541983550524
0.5565145176518339
0.538702085027475
1.2725695384277026e-09
0.21378077544629986
4.59020668243236e-13
0.0023493346213232813
0.03162973491265028
0.00016380122934783091
0.0016381602478840302
0.38715714157464537
0.24375091215615968
0.2988038285462027
0.008232499889138677
0.47840276321966374
0.051433946975467014
0.007385618598935447
6.990670205377863e-08
4.686100075490024e-14
0.0074085768063994846
8.325407844951369e-05
0.7661784761601652
2.594053638082328e-13
0.006531522324872759
0.03592439875963208
3.8574140473099284e-14
9.013697601506464e-11
2.048915974597166e-05
1.288786906108753e-22
6.903566958350062e-05
0.0071194904554559265
2.0057919440307435e-09
0.7342941484456504
0.005379329747366568
1.8467263123573442e-08
0.047114929189278947
7.077388949356477e-09
0.00013979112348655432
0.7968225014003637
0.0010348078398675993
0.04893002886881107
0.0007217495198067741
0.010933387480918082
2.629386741183573e-17
0.008208626477258566
0.05081917468586876
0.8228509305107776
0.030794993034083788
6.038637404335059e-20
7.097937073529512e-08
0.05137365894598174
0.050739036857719244
1.5077038650021175e-05
0.05640246273782083
0.3676117657246336
0.32655165072308534
0.12092574960275473
1.2523511000441777e-05
0.6150434890667371
0.28316817076511425
0.09736891798411593
0.32974185667042993
7.613811548043197e-11
0.00016959539447912334
1.255115939245495e-05
1.0173596151844235e-05
0.0043580507314403836
0.03406717030087249
0.1144316685229386
1.616281831033835e-06
0.09128007763882602
4.9424945757381345e-05
2.8071101077510348e-05
0.682338808057968
0.03661379628246613
0.014329912270035355
1.5110790153189153e-05
0.3516047353331236
0.2962362535442801
0.28459157447139366
0.08166519796616956
3.7109592220102866e-05
4.373449570702612e-06
5.670384034861656e-07
8.451032730724595e-22
0.3561345386482054
0.2252068820952637
0.006555042141495391
1.1063223608892555e-06
0.009455658571968097
0.15497281867253188
1.0687331294420644e-11
0.008056766897010102
5.041213430553175e-06
1.7460101334655777e-06
1.7806557545466886e-06
7.599313782340138e-11
0.4225446361202566
0.0016412072797635515
2.916053436516116e-09
4.148481330146905e-05
0.14222361203333428
2.58932990730426e-13
0.38751500573333914
2.073008341664026e-06
2.7354598523430378e-05
2.5733497375807316e-06
0.09305542540569875
1.0359547815502315e-07
0.14058835344719464
0.010852185172642411
2.6860012367512554e-09
5.682160799483543e-07
6.887015653503842e-07
2.242051073326158e-17
2.8163242330955956e-22
0.2983791112437448
0.1555961447270904
0.22832522689731122
0.506494468983051
0.1480691767964392
4.807221362327757e-05
0.009543084067034406
0.008106857706907835
0.0956349892454945
3.535248621481159e-10
6.405213380698918e-19
0.11353569021341935
0.016254045562936803
3.265168971541053e-06
0.09393827698392848
0.0048322635949669
0.08388667068783158
0.21300059295543042
0.19696116230347505
0.00820043772835972
0.002296075783931183
3.5284632387593697e-10
1.3158634056485075e-09
4.931147235129011e-05
1.0423127675849435e-09
9.080699069336054e-09
2.860418336594158e-20
0.0009876682374034436
0.08334413096590905
3.2009986540653474e-12
0.306746465897779
0.07164860131375633
1.843112826240059e-25
0.06453269974629575
1.6884074493061784e-11
1.0195902761328567e-05
0.00014405005574808373
0.1660535709908363
7.669383334819975e-05
1.5463307074046262e-09
4.559056040615318e-07
0.47585532202295133
0.10300968006760662
3.844938013572513e-12
0.08377410328892088
3.086435205318664e-29
2.1445344699408155e-05
6.040487923262548e-11
0.09662773249215698
0.00013543448965645607
0.20613194113744002
0.007610137471607504
0.0004998169295570443
0.0009873043432980656
8.73431586011843e-28
7.225671450909325e-10
5.928960758271961e-12
1.100120064241288e-25
0.02980729876496381
0.0009154913506004514
3.7158745177654384e-09
1.0443233529543196e-09
0.08808675529406043
0.002791812976578562
0.006823841949154356
3.476043010917731e-07
0.0023048100212788992
7.648503071279271e-05
1.2047819720504402e-07
0.010671240122115585
0.38991850503472325
2.344225426233179e-07
5.022899115185562e-12
0.007741854774807738
0.12594714772883067
0.005692948178844947
0.20816161169622718
0.0048744621672359035
0.06200505774766521
1.9243474242585897e-17
0.20721419928607468
0.1192589895966918
1.867745478018211e-12
0.08276319011360062
0.08343898690721466
0.03372644818108909
0.4602223946180704
1.1531414225642318e-11
0.008996584668789602
7.1067543942995946e-12
6.348053842529472e-06
0.1165389115080595
9.407946334514673e-15
1.8045630513644512e-23
0.3558900296427189
1.8507151270142628e-21
2.729392524881457e-05
8.61769072383057e-14
0.006918087986574059
0.11688498849271171
0.442484786400072
0.16800329776005157
0.09761469206498465
1.1708807135235389e-11
0.0161225064187599
0.014410625390504387
0.24594432194809557
9.191446866735692e-12
1.536539052257059e-05
0.2802217189991489
0.10146299328614815
2.6829174112046087e-12
6.4145007080234525e-19
6.907072539949586e-26
0.461905246447438
1.1741860159769077e-09
3.0986120631454806e-14
5.950766562450449e-15
1.4869697495923047e-05
6.704600313207036e-27
2.739983867370215e-05
0.2097335016776498
5.529593282827099e-09
1.569650828949039e-07
0.006154550878257147
1.988157173577133e-06
1.2518940281713576e-05
0.00966834875347818
0.01508353317750399
0.018541516510165255
5.488751946410664e-10
4.519490227880401e-20
0.06256037661402604
0.5739428800685046
0.015028726373039139
0.49915443495280154
0.5410105579672718
0.026632263235752508
0.0018500046672415612
0.0007460718506691823
4.509456245403328e-20
0.03581871153808977
3.056782690964724e-08
1.1751776335760793e-13
8.124119936863882e-06
0.015561289415851751
3.856439814233023e-12
0.09026167856172854
0.00029040519574956254
0.39874840488672525
7.218423019671384e-13
3.482537101756772e-07
7.670342595661862e-18
0.03175005692133078
0.001651663111201404
8.190759764921599e-15
0.11744945209387558
0.000789692884911574
0.13801570496763538
0.00029822075845689205
7.157826546597913e-05
0.02051810860674161
4.712588832378898e-08
0.023317610747306882
4.7350413548381114e-08
0.0005340430436678495
1.9001374863403092e-17
7.659030319424488e-18
8.077478282104724e-10
5.722405523200152e-05
0.5747530068628056
0.08787972930424164
2.182352209395139e-12
2.436033975938859e-15
0.051792322883382425
1.207207990835671e-07
1.857167730184637e-08
0.005633907742992537
0.015928283258759078
0.0010846998771539933
0.011861212498942404
0.08206999746800077
2.526006299363681e-05
2.6220330778153903e-16
0.02774467257223466
2.34813260255854e-08
1.983612906445878e-15
0.6219393013539798
0.04898409029856092
2.6643103427349086e-09
0.5237413150187303
2.8041833513444055e-15
1.908500705324137e-24
2.6590109143787435e-09
0.4359577429589926
0.12231516877855823
1.9801703069914773e-15
2.4315503500236766e-15
0.00040240418978508736
2.626476111418525e-16
4.206783253973619e-15
0.02306715139377063
0.006171500352666307
9.472169504838816e-18
0.051892622429657746
8.048345680907135e-06
9.208289426945174e-12
0.21165411411363907
0.043923968503321704
6.361716650915347e-06
0.19626785848428072
0.06923922044234762
2.256518091247862e-15
0.0009557308472003933
0.007183735546784723
2.2284749940352403e-08
6.376042262152846e-14
0.17562106353357443
0.22560632428536592
0.6946656454737741
3.820583138224014e-17
0.0009848927563795048
0.04717913378410038
0.0014165058800894375
0.05833073774881956
1.845181879262832e-25
5.5483616979937967e-14
0.025272807008235452
1.3133140831721966e-09
0.10018006758742877
0.013640743649065253
0.02951884143465026
1.7957776192615763e-14
0.0005353707924053886
0.12773919786341129
0.0220949210552977
0.10770973942486016
0.0005010380417926794
0.12574485404289626
0.0012616300924244263
4.426903136066016e-18
7.031732658764738e-07
6.189148151747778e-10
0.00989465565751292
6.842878327183534e-22
5.9658169555508215e-15
0.00637399466524421
0.022304666688435632
0.45344773974302954
0.012373432827907328
1.7191667051708055e-12
0.008513104722997666
1.0758693411770629e-15
0.0055079221575765995
0.4364055622793773
2.9250894098312955e-13
8.38472703735804e-10
0.46911413178468603
0.032194522636405105
0.02130694755331019
8.205756970359695e-15
0.0003516658222621089
1.2907578205974999e-10
3.7491247241978645e-17
2.3976925610455947e-13
7.21499170882761e-13
0.583870180233636
0.0007486447238718015
0.19311269288539326
3.5779565464478763e-07
3.9299067150410574e-11
5.937181896430938e-09
2.411899290367768e-06
7.070633604027949e-15
0.18555821785084614
3.799218968674727e-20
1.6482164721987094e-05
4.252637365783381e-07
0.017298305063928245
8.82954369719666e-08
0.0002989215928856949
1.8056178159928237e-23
0.022430408830636444
0.13631969266865587
4.7244621885287784e-11
1.8967758809711677e-17
3.0609797750521344e-08
4.238186508778939e-09
0.03471598671489736
0.17643446884536612
0.12751037757695358
0.17731180983200578
0.03732524959123569
0.1518808539940556
4.715662122295523e-11
0.24898997792475644
1.9176762410315977e-06
0.17704101107890746
0.06459486104044018
0.00455423402223734
0.45180588005859884
0.09923297606923262
0.005721764566649548
0.09321482651685967
0.042303060912076765
0.2578858616435836
5.276560682624275e-19
1.2935886171462324e-10
0.09906596358648327
0.002042651057752254
0.0099586982041537
0.03818397209605616
5.558799655470417e-14
9.834405622764354e-14
0.13518692823359882
1.6679792428626897e-21
6.914094580310122e-26
0.0619331119553971
1.423099142844884e-08
1.9174951794706232e-08
3.721214009565011e-05
0.029387997127965318
0.1845662966958579
0.17937975039886958
1.6455832834967054e-08
0.003215711639474031
0.13095796855755357
4.446413637252688e-08
5.430580873526321e-08
0.008971691162308748
3.5535106690433345e-08
0.0012221622885608097
1.6445688781496783e-05
1.1154893071663168e-10
0.12179083101389676
0.005166403752304486
0.030346719061986806
0.007451986475463057
0.1035906965071548
0.06377302675188408
1.354401676710763e-05
2.335031533830457e-05
0.0039917454866015695
8.166886340344001e-06
0.18666337541117192
0.0002073159978623234
5.9552701997715e-15
2.7714573171170324e-08
0.024755987962712642
2.7965915636199507e-10
0.32557670087429713
0.023075031856424354
3.56063761641961e-08
7.558908023650004e-08
2.7769658806336138e-08
0.18052822828743392
2.1667994127434286e-10
0.10657093376588506
1.4259337957672242e-08
6.051843313044898e-11
0.13536666767355543
0.2790454357333137
1.6489846614246927e-08
0.07691233158406795
0.1436604942694156
9.72940151476793e-25
0.002047771199359901
0.057141792798313454
0.005667504881869235
0.030149602810346766
2.0266577302551414e-13
2.0700953673986334e-21
1.2432099297971954e-07
0.3620943448874618
9.485152304570675e-09
4.455425995916186e-08
6.473206607440678e-08
7.058086796019748e-15
0.1271180352759431
0.00019343206515272463
0.026978354662805296
1.1744427512463648e-05
0.0038188619898992093
6.222918853990248e-18
2.3806890976151055e-18
5.44171958465285e-08
0.00025667170522551165
6.478942297124035e-05
0.3130549446777608
0.0010733074525499009
9.424884054903368e-07
0.0005951469804466136
0.6190124683918832
0.004724768828563618
2.5174266130483767e-06
0.07525914986240584
1.5767317182898191e-15
1.3278100822923585e-12
0.13369516644003943
0.016305862121046087
0.5460993629048734
3.0971925412669315e-06
0.26585614472529534
3.718740329031413e-06
0.10032324992476702
3.418656425088513e-05
2.5121245213475808e-06
3.090595510794584e-06
3.726777500930999e-06
0.06636421677501127
4.840280908747554e-06
0.662892688848093
4.382999578775749e-06
0.16871498750319716
4.5531813957139465e-06
0.24930298573058224
0.3766902929297404
0.11766352127744956
0.04851718425648018
6.870939887172938e-05
0.2653787042290886
0.3398605311339867
1.9100775189438406e-24
0.01843150074113146
0.12004122548916552
3.59783256055794e-11
9.009614962213983e-17
0.5667643905626433
0.388234759593741
1.202378078613066e-08
0.002408522602307819
0.00012693929126395603
0.01087613772639456
0.04912996067729516
0.005970497611314304
6.88658803209438e-05
0.02316319587498729
0.03074865821927637
9.59025948788651e-15
0.00014887598269294067
0.0003518754454287492
8.160184633332846e-19
0.011401924084356425
0.05120062042283316
0.010639840801507426
0.0006684291527649195
3.213046538501013e-16
0.6909206346968264
7.095577814492794e-12
0.0005505537417982571
0.4185874209525096
0.10524454930498674
5.260636292786705e-10
0.054873498968288144
0.00012723474035264727
2.970608608210543e-07
0.1011861136110554
0.08121435738275423
0.611487471853769
0.0005518961968497413
7.330659316317264e-06
0.3921979459097252
0.5615404095402117
1.9900123420621297e-07
0.00570661846972383
2.3055691433507646e-09
2.340282802674524e-05
0.011222091416238412
0.0014645175692816648
2.3758532798540668e-12
6.201516732121655e-10
0.0008662294497541722
2.9769644559655063e-07
0.0025259851772591823
9.483051536140553e-18
0.0003712144819327812
0.00028121878286383215
0.004060046978776588
0.2977949541620581
0.00035092811110671966
7.203263145625762e-05
0.04958795005219349
0.0017429160661021328
9.032678325789683e-08
0.0048589063455027025
0.003832055120170456
0.07536750429432382
0.5904624370337506
0.0004445259998141996
0.5518254111889089
0.02952577104890476
0.01148997526525934
0.0004456407597712861
0.004369492386740574
0.48201742594181535
0.003240897800623626
0.279066984156931
0.11728835234020868
0.04148259629676386
0.15172803588904318
0.0014107560361113635
0.10083943957872951
1.632642547503928e-17
7.386706688555866e-13
9.447353641456128e-07
0.6545194527717548
0.004030809534621025
0.0188844523785349
0.0014066095707482853
2.109172425043e-08
0.07559115066450495
0.03721512056527462
0.061751232217190935
0.0032902777017209846
0.019720921201453107
0.024105595201510347
0.03749781298502529
0.10091769260768282
0.023188540467474587
0.07510533922731913
3.570686417726753e-07
0.02565776940026253
9.019415788420606e-17
0.02549506577615093
1.9276348335879487e-17
0.054142560936656425
1.9957341669311076e-06
0.049088743957752805
7.012002924072443e-07
0.019741256911155622
2.1492773748666315e-05
0.003069262154354827
0.11716297630104004
1.1526046470493e-11
0.018207578227528803
0.0013819514460959915
2.3240736249484018e-14
0.02772478135410337
0.02148373910663509
0.038310377775156924
0.0014052852305910099
0.12576238227494024
0.02990317084517271
0.04816058911011741
0.03726464502913209
4.202776146453842e-15
0.7725804084908117
4.876253918629509e-06
0.05082794180058724
0.06396642986711795
0.11766512684644331
0.018967672644534576
0.0033178339058072062
0.023914607983291914
0.03590605319863626
0.1081739123421407
0.026176690344337922
0.00010595405068638145
2.162715394962068e-10
0.020726624566454528
0.1362899573241334
0.34553016882421966
0.0026512122419128734
1.077044191811925e-15
2.6730718358355077e-06
0.15348014169225027
0.16711744549933463
4.840902943848489e-09
0.12107346704701645
3.722797376078543e-09
0.0021284997328288257
0.04635056735706869
0.09650297332382343
0.00023481499553761886
0.018477689919219473
7.111181726182321e-08
4.677529046628419e-14
0.6410309003057096
0.0014104867523716399
0.008525386062301722
0.04306610878451045
0.0032494476582107666
0.029603680249768997
0.152593877109347
0.002030059068731936
0.048644446056520685
4.9128491776967355e-15
3.261236282630081e-10
0.16761596387483968
1.8069446177029003e-11
0.6854220037734723
0.03845191457437332
4.580289978703507e-13
0.00024786497145029394
0.001747312496010467
2.409171944992253e-06
0.028313580618417832
2.311100770950309e-06
1.1612310683298967e-06
3.028868276258186e-09
2.0495269631672264e-11
0.026779764719099198
0.0014089199456657781
9.113909032432397e-07
0.030155594281473345
0.03741375801850736
0.03092250100997009
0.0357642619406612
0.7189056537448466
0.0002707849850054631
0.012704310991400214
0.3996176293256816
5.866245517947884e-06
0.02604904535537048
0.4534733294670021
0.14548398810230975
0.14999617353387726
0.001048296132698683
5.9569382814021494e-15
0.030373953973437295
5.946016812793739e-09
0.060493255164573746
0.12264439852431443
0.03235567687380677
0.10031348488901866
0.003409458273385304
0.14037348203251274
0.0077977888754924
0.11787117096008619
0.12217695873038784
0.17847185906937565
0.026700213033200915
1.9190168760600847e-08
0.6990815351872857
0.0935138270177517
2.3465633554927704e-05
0.0020514961668234044
0.07520819019794989
0.003355248983641751
0.013696113681305517
0.04923006500492013
0.15626843371154145
0.06338522112190909
0.18696332428934873
0.08572135220176735
0.20704947058409393
0.18431751850486944
0.050584595262095564
0.05936230547032109
0.003842440389711791
0.16757735479000962
0.15380582716935984
0.0034690540290223055
1.868124461712614e-07
0.1882990530333359
3.775479743708644e-11
0.021502654280359357
5.209732405554898e-08
0.0011200390972805163
0.05043314400766772
0.17444683720752588
9.845809018186949e-14
5.213295855894063e-08
0.395057534199692
7.220684306831251e-05
0.0005711951960072862
0.009549913653660333
1.6365902451715816e-10
0.07833479641163778
0.6661874500483932
0.09143383329072365
0.5163438954845545
2.3829890130782256e-18
0.03702080523817449
0.002582436992082783
1.1176552522419264e-10
0.0026300248118635906
0.008853522974508544
0.4670128244981756
0.10689106210716877
0.05919487879664494
0.16812932357387814
4.568452713657466e-07
0.14751667962536824
0.02058766501982412
0.13101215808489816
0.015541233532342989
2.922528208596704e-13
0.18812000478309515
0.040088105616677625
0.1419398351834243
0.13630954268740833
2.431881666518399e-05
0.10038896330938914
1.1686877361544607e-11
0.025271028565831296
0.010548574137261159
0.10052424108972624
3.8245106738458955e-17
2.724519677318975e-07
0.0004942888153998731
1.0526867622980175e-05
0.0006668141780066931
0.046931523342177726
0.11296623786028782
5.7598007967376636e-05
0.08402539089473261
0.4941217669367641
0.16983704400997965
0.1269160862858108
0.19411441523969653
0.02511256985016639
0.15538416337859293
0.33343276000899136
0.00020782300710658566
1.4723215321242928e-08
1.866632938871691e-12
0.13671758865077868
1.2048143264279086e-08
0.13063708960716702
0.18754509433242234
0.006311973259487855
0.49988960335489147
0.05632877805337603
0.36625407520660674
0.013074257315769557
0.17825203223625333
0.0005837470988747777
0.01851364711499432
0.0006518926148762398
0.16685968911827762
8.632723759292974e-14
0.13805681395810612
0.18372788442473073
2.3764488834624302e-06
0.06769764802894422
0.1796508729404015
0.04706870248751381
0.00160977581140043
0.003502991785878952
0.1827345289275501
8.750349997253811e-05
0.0013855400419392444
0.06541533597067611
1.566464570765378e-07
1.2138091689354188e-05
0.18206163143179332
0.034099245665684716
0.10185546315992754
0.18573584231607296
0.08321990966868344
0.11958374572196878
2.5483304776034213e-05
4.709092428706061e-06
0.18862856060333388
3.2173440588037193e-16
0.23253623894301476
0.65262943601692
4.623516717966478e-06
0.1382664171780428
0.09218942651720155
0.11437613612626064
0.05213617987067228
8.008083707380363e-09
2.3101877834522783e-09
1.286307355783107e-05
0.010595572119835913
0.003940759112586372
0.1304618990549897
0.0173108985888067
0.05733841053214058
0.1596885104828394
0.01695755424515916
0.1786621512650442
0.0014563610827365953
0.0006193448557527524
0.7325468808516649
0.0012391719331309727
0.10985421277453995
0.0006221383416750742
0.06767592015421132
0.16388164696141236
0.002624300492840243
0.6085172201339177
3.2186147809335213e-16
0.2933422217889422
0.21660476224104244
1.2354785398769167e-05
0.2651021426243375
4.455250422012187e-10
0.14071090564554242
0.15065388431838483
0.12564782669468633
0.09567868284926127
0.0030772726520888164
0.02616005049655096
8.10669497160665e-06
0.03595126919161252
0.30621788444850384
0.43927555195679807
0.4081890875503721
0.1705761285913493
0.02613219622217946
0.5806243138490874
0.5226300208921041
0.2523990075889022
0.0004955151081062571
0.006061199323168224
0.1916674188587396
3.776711524974682e-06
0.3434469790749364
0.18214942828696973
9.365150738384525e-06
8.140068042431729e-07
0.006077821922404903
0.37215424785954476
0.05298495018114076
0.21189860106893002
0.1058492077064566
0.0009527854872924018
2.1958915674190272e-05
2.5225022635059676e-05
1.749743353128669e-06
0.0007916162863323606
0.42166243719840846
0.16844059834086458
2.3269355095282856e-14
0.025201199000656357
0.19026329439332246
0.05134837089801301
0.08012757250677198
0.01853345912810608
0.001455783168301719
0.06521565244171622
0.010578866620633202
0.0034099736906417675
0.17076736003377277
7.068734717643024e-12
0.20189099226084273
0.03866059199243618
0.12353141153626943
0.02686152968370566
2.458255230136463e-07
0.3723211907921621
0.35181079454549935
0.0012186576703107582
0.2954676886147416
0.11819248232285232
0.0020440277224542222
0.00040585920714632316
0.0022440560403009496
0.0002369971064290218
1.561015936864913e-05
6.486703110155978e-08
0.0006550646767618358
0.1399144050916232
0.3743938019784693
0.6023063537387374
0.22456290368389908
0.25009646066493824
0.0005629035766993582
1.4429772106480784e-06
0.0011698928334489835
8.756213862831135e-06
4.0008037965849725e-06
0.020745499186761714
0.03876582705423212
0.0016529823825825703
0.10654381948926844
4.392277609210734e-08
0.01660738988142918
0.047033717072116246
0.07226162823939423
2.4062096239141834e-06
0.16434840925776623
1.7897718901481735e-11
0.00035083409076836625
1.4399361144794167e-06
4.842802152197453e-06
0.0792113857461031
3.936315949899147e-06
0.25020370060999236
0.010932825421461453
0.0005739200885395638
5.388601444337796e-13
0.017095377917993006
4.1578852343865444e-05
0.003920293647628532
0.5386326781839389
7.718617592637078e-06
0.0002484450456978712
0.021078013007374684
0.17820317324172585
0.17890130795999437
0.0002825505261956713
0.033097106866062646
0.0733848718657848
0.06095928381407184
5.650507563423206e-07
0.0004381858904013643
2.7709951587518044e-07
6.172021347284441e-06
0.0013198549579540506
6.94450598714198e-05
0.049435451334681156
1.769576213885156e-06
1.9408516063492325e-09
2.8371773553208776e-05
0.07809367578911162
0.19365312987054706
5.361546155173951e-05
0.014295005604351704
0.17930701163184304
5.683340101366928e-11
0.1560373036056114
0.0017003359975781434
0.04039992383586506
0.013755363921235674
4.044157916825825e-06
0.03364964701304668
0.03859659575111403
0.1958836542103539
0.17391809057881025
0.0001551041887704652
1.9156995019836466e-10
1.8219599010116363e-05
7.544899846384609e-08
0.1550937749374454
0.0005167234484471696
6.124904147806466e-10
0.03595790643139674
2.1045412227032775e-05
0.0033018779240702235
0.15038560292201167
0.0012361054183024677
0.00010619714230991936
2.365718414818444e-06
0.02807396548854157
1.1588195898076174e-06
0.00012387735731948357
0.025889684114605113
0.17428973506177206
1.7535150260518927e-09
0.00599997479042657
5.651684610933462e-06
6.141055596817742e-08
0.07759275880932509
0.03785013307612722
6.189110683226418e-14
0.0009912417194917129
0.13511902266299053
0.09756014381096006
0.013355137531258329
1.8555572173174012e-06
0.13842834172030496
0.0005678876232030422
2.044189581097726e-05
0.001858327674024968
7.245283180569548e-08
0.09017904719650299
0.1516119043207272
2.2872261208279566e-10
0.06329966673081983
0.11730379993223988
0.22600851601890753
3.233515991200251e-06
0.07324237065470898
0.14117318725886624
0.10104128104620493
0.11954914478841598
0.0011999585134509052
0.03397338706614982
0.07230420045881296
0.08166258925457959
1.5588469048748503e-09
8.07264962386722e-06
1.908178016819458e-05
0.004778889109961426
0.09699098927130244
0.1260592676100453
6.486538794478319e-05
0.009631157567007938
0.12317283278231426
0.11020912971077589
1.3485065122567833e-06
0.01713440454274467
3.7146510387482693e-11
7.467120805012566e-13
1.6696822706400514e-05
0.1556165527507151
5.0199105452675915e-12
0.044431600299085376
0.14810057962969314
0.00018889751058832145
1.7982378610811203e-12
1.3354115602405539e-12
0.01812472662444119
0.008448493422280655
0.12271274833708577
1.999916688717305e-06
0.09797244573678746
0.25166574461087243
1.3086458111762167e-10
0.05112635540978131
0.25334023815387424
2.151234468907279e-09
0.00016016151577773218
0.036060567552954434
0.16746820810051397
2.0302749516105783e-13
0.0959827501123857
6.163507277944712e-10
0.00022399231589052235
5.549972560329396e-11
0.03198763483194917
1.5668505817351525e-10
1.050350423674583e-14
4.066674484815374e-05
0.17427077652550932
4.727083671975529e-08
9.574938216242345e-08
0.0005668749924159056
2.1948083580071452e-09
1.3595701050875367e-08
3.0289507309850386e-05
2.507992615649494e-08
1.7160506189656788e-12
0.0002957412940005359
1.20563631009887e-09
4.084621518370261e-06
0.06688801179125756
3.6045034866417715e-11
3.410172317403941e-07
0.00012418664134683546
0.016001245464112447
3.621286580055308e-09
0.05284510949375801
9.753593327400645e-10
9.132695608770319e-07
0.0033641958843338713
0.026168334689234338
1.1666851523688622e-08
9.050679038353363e-08
0.009662768201433088
0.08037969308855787
0.009412839353401228
3.179859681011914e-08
0.016044668444393374
0.0029444120677016793
1.8284486972244388e-10
2.4366676566082294e-09
0.0005734277851557658
0.06541874752564007
0.0002219369237854628
2.113328099582339e-08
4.886698067406984e-06
0.005864025585099636
0.04140047792908006
0.0025404529994009916
1.1169955289795071e-06
0.05150813694388003
7.1085609480984805e-12
7.281313902445607e-10
5.060279055533303e-07
7.584044028873594e-07
0.0014298928994873014
1.6800874154862264e-05
0.5563992965461633
0.12492599736914066
1.4367401178573227e-09
0.0002715744221185919
2.474199109880408e-08
8.824008198878116e-10
1.1795268010662117e-06
0.0011268505620013163
1.9537782728953446e-05
0.0028587518099455218
0.00031262351211492376
0.7325213901170865
1.264559336974606e-10
1.6658053693816659e-09
1.5567231258116557e-05
0.009875173541663802
6.822847499308852e-11
0.16692086981073237
0.02227088294029039
0.0011356685387695006
2.6091674860095778e-06
2.8083812229471107e-08
4.850331409786975e-09
0.02392910795985823
0.03872738400423968
6.939437575176515e-07
0.00024590025028322135
0.026816662904662447
7.370621369427197e-07
0.01828400412439996
0.0005392947390824982
3.5369662009638083e-10
2.8910009417572706e-10
5.282761159829185e-09
8.932453640162537e-06
1.8849808200742651e-06
0.0002352977641894277
1.3295433731773975e-06
0.00340104952725053
0.746632181922818
1.968090244921582e-07
0.01032172642182913
0.05011818721767495
2.32548973741734e-05
2.926266241300323e-05
2.791300879280169e-10
6.660507987196434e-06
8.556271713941738e-13
3.548890993807737e-10
0.06181742456420831
0.1481327949166005
0.00031408383310256366
0.0014595610155080788
5.679250800357869e-05
6.437411380743555e-05
0.1798446155141129
4.3115290817709203e-10
0.0963356716462605
4.199569836738438e-10
3.823442620682028e-10
3.3464215057649656e-10
1.0994030802185035e-05
5.277771490088281e-10
1.3721143312434658e-06
2.8058105923012675e-05
3.168955843222635e-10
0.13478081449509113
0.018733870872131825
1.330207274393969e-12
3.798317593346242e-10
4.819195825819195e-10
2.9258111848643366e-10
0.7060013269782572
9.949091130379839e-11
1.4899062824235138e-06
4.1067538355267773e-10
8.527041851290776e-09
3.391144102969239e-08
2.4212460807336387e-08
2.6690099184482224e-10
3.2036641613393393e-10
1.663757093700098e-10
3.845663332539505e-09
1.1945720402118196e-08
2.008117467845713e-10
1.208492142723913e-10
1.950006543582262e-10
0.016843369782685715
0.18513042987837422
3.539942955055285e-07
0.0003995988376923495
0.0002349616096032674
0.03726045371239533
0.001107900856800987
0.1584041684052946
1.3855546883210546e-09
0.0011935417907306728
0.016786377561388566
0.07367466266634126
0.6209104853907689
2.2914228069094763e-10
0.19756691284409655
7.809549257223429e-07
3.1041486074729157e-14
0.0006394124533152783
0.15693978088388594
1.0533932657515273e-05
0.5086252827169703
1.7347126813634898e-07
0.009152115592780048
0.001301492468106902
3.2551989884942444e-10
1.0795783590344982e-05
0.13952775647998542
1.6240468110887506e-07
3.122546477795709e-06
0.18282783099964153
0.38806589610445863
0.17119770195612044
0.1521473635328949
0.0024490522655939537
5.641034659928518e-07
0.005984956460995986
4.516476844300321e-10
7.317324427069084e-06
0.005379596784088632
0.02316436896941252
1.7406478063905617e-05
0.1609591487979881
8.79357452992966e-06
0.24058433564117085
0.1889064587248211
2.1772995783792946e-08
0.2748155954860755
0.004232895650690416
0.01378063496163238
0.5151412864596487
5.349180608813143e-05
1.7596180906083805e-08
1.55690208651351e-05
1.0966595802942879e-05
0.06890897148829842
0.2762943741570099
0.055151756620506184
0.03156344613604082
9.167945881283674e-08
0.6337404434329903
0.001446196119215837
0.11294609674510973
0.008308163738779491
9.921810543351231e-09
0.2357747033201519
0.0002012827224996187
3.8338314740528236e-07
0.13423216412843683
0.7250511503751584
0.15514316902628741
8.414866541007611e-08
0.05036499278740383
0.18301625504935515
9.605519103557308e-15
2.0943160475791004e-16
2.414130868125011e-07
0.15894223628651497
7.99223772919177e-09
2.193997690115767e-05
0.7668757393938709
0.09550175165901845
1.0394784499159137e-08
0.17766134709369832
8.543102794942498e-06
0.2851657748666886
0.002782660623331647
0.12045399478244002
6.700116043468093e-08
0.11316065776921001
5.7996062616222966e-06
0.001326657159949751
6.637522438244582e-07
0.02294898379494789
0.49433781430923796
0.16512865129641544
0.14522955866640877
2.03665130099577e-06
6.971034916410367e-10
0.016246687823216872
0.75424124421383
0.094278585796792
7.396198402469726e-13
0.001404762721233884
1.1194128371246973e-06
7.961583188367875e-08
0.019276248647772602
0.19107740301309956
7.839216972359626e-08
0.015227584270851097
2.4222406139579264e-08
0.32877913110909757
6.986766588184976e-08
0.0002636334652115573
2.8122797686829743e-08
1.5794489931304967e-15
0.6412628816375586
2.0907513092152182e-16
0.31757928480442355
0.0013232367302089675
0.6862433363131585
0.3285669408077127
0.18112024767063728
6.735980109184745e-07
1.4750195921207645e-08
1.3428333494852447e-05
0.05135675556885203
0.09157187557696118
0.012367949411046056
0.0005609412725784851
0.29386160836784186
1.344448649916406e-06
0.24720416747403218
2.1914724466087683e-05
0.28689932639779925
0.00011014213590244487
7.295316174168915e-09
0.04130132921440066
0.3284050949976706
0.17353036325942153
0.3193196006493897
7.2214533527006635e-06
3.805318368568014e-20
0.07587153367232316
1.569659248025593e-10
0.06630054931038966
8.100299454919417e-08
0.13471502627720772
0.0023248536611368484
2.414270967265062e-06
0.23892256492170247
2.894072875323936e-08
0.5756868777594292
0.00014540278540586238
0.34454079276002225
0.19824570193909516
3.6251407271760156e-09
0.38827827267654463
9.768200259042087e-10
0.18052339942448145
8.349279093320312e-08
1.166525057304874e-08
0.00028736724663318665
7.1045080368852895e-06
0.06212052323248362
0.0053121794808568676
1.8008766098045235e-12
1.0821923637496195e-05
0.03422554612104969
0.0010067508535344602
4.86908318919238e-06
0.018929629416206042
9.61043574105116e-08
2.5465854795415874e-07
8.582341833779753e-07
6.5017475750348125e-06
0.025342763934310127
0.33780411402925165
0.14717559010659217
0.20753689989729387
6.174758197026664e-10
0.08028813695692784
0.0030041617982221307
0.14187360260149812
0.015105855816308926
0.07279463184052522
1.99565867307818e-06
1.7725518177277042e-06
7.52439858815113e-07
0.08511074897628136
0.4455766293151277
3.11743153441705e-06
0.3121470985022968
0.0027829449794414935
0.00015977680563202348
0.0009574824058913997
6.288599298089758e-06
0.00015649701673283475
0.0005654218093478919
9.176916241093977e-05
0.018694407338441917
0.023825382590372722
0.00044967975474091335
0.1946981160936068
6.09789146839932e-06
0.14431459581775247
9.363099639537219e-08
5.5601333693837065e-06
1.430269882901815e-07
2.52760674673346e-06
1.3660180191283527e-08
2.9843477148269046e-07
0.47946396478000886
0.02561587317582917
6.190959309532081e-08
0.6720433848780638
1.4668939097362786e-05
0.036201338433485365
0.04156345464155444
0.00061515098524989
2.230072554122462e-07
2.5424489869866655e-06
0.10372516997404276
5.270939183716391e-10
2.4550165128577842e-08
8.245421035436363e-05
0.018106702006733654
0.018548011947415788
0.3194604225484715
0.27243540691562557
5.985366849871098e-06
0.0003612626330616147
0.11250446749747292
2.3315947578653934e-06
6.2346541155889255e-18
0.005473459355026984
8.650165667778255e-05
0.010673259801650759
6.870651932784819e-06
6.0494031593445605e-06
1.6425111099460575e-13
8.460547652715019e-07
5.123766002205516e-07
0.17943144564013958
0.0782599641699222
0.004629617999125925
0.01871037442515889
0.0014544486679476908
9.305210874987419e-08
0.2741523711838806
0.04969120117020595
0.16117914836345287
0.026478069980139223
0.06584482333020394
0.16868976900482255
0.1222529064122426
0.00015569069500551776
0.19093634560673692
2.924300382591278e-08
4.174740975788954e-08
3.7522881600785946e-07
0.1731847214883057
0.0009135429619423326
0.1096181471413977
1.0521392416701567e-14
1.7541246908794964e-05
0.18978377954682937
1.5670126758415512e-05
0.0047459324197655205
0.0007274015181965873
2.837113812853823e-06
1.0335458465349174e-07
0.22702786890003804
1.971894180806281e-06
0.7082768623818047
0.0004405983578495589
0.06250261953220915
0.13593822565771482
0.150150605006298
1.0263469510107014e-07
0.00022736105908223157
0.04045570118605197
6.637307173142166e-06
0.0011902445309913505
7.373685128585671e-09
5.840444944517821e-06
1.381931027644009e-06
0.012298393258004334
6.374440650864709e-23
2.4924445821712378e-08
0.21136344018901698
0.5964500450505235
2.7691124267471177e-08
0.46848077502804114
2.7442671171001826e-07
0.6927928585365682
0.04619215397515493
6.716059219819875e-08
0.020203575547080056
0.143255151462682
0.001410760462734959
0.0011254276249598244
0.4217165530513858
5.493570960946612e-07
2.3405247166791187e-07
3.370778020674319e-07
0.6300800455507497
2.3505458764931578e-07
0.5338881651231746
0.08149990215750455
0.7057586668365506
0.010651418317966187
6.982830807588997e-09
2.41880530007854e-07
0.02114740450038701
0.0055877327243004414
0.0003841948506746584
2.1797294567050703e-09
5.292183184405085e-08
1.0669550343424958e-09
5.41808011478781e-06
5.253174806445864e-07
5.284841456912482e-19
0.001613247162989503
0.7745785204570822
6.830906815385168e-07
0.3107932901573428
0.0020651522194729977
0.16433169560491084
0.014941899884675123
0.049788031568436655
6.3013238784779776e-09
0.3077125863622498
9.639879392453575e-07
7.264066280429364e-07
0.002558324289716302
9.448304932797283e-08
4.208486454135419e-05
0.0033058274113986486
0.09450748153426074
2.473403161217008e-08
4.209921349102302e-05
0.25135128669020385
3.802340388835517e-05
9.45926378316887e-05
0.0005217546697166309
2.441138214566053e-09
8.633463786172617e-05
2.1995923136508945e-05
0.06627258457018446
0.3522868575913134
0.0033114179953194147
4.076275092567049e-05
0.06721975043611997
0.00014609034549529492
4.723209341258652e-06
6.199684683693664e-14
0.010613685444248228
9.910923932110573e-05
0.7886593538834029
0.213560038610619
1.1924363771754808e-06
2.5444540470647864e-07
1.4484820748520485e-08
2.189929822208122e-06
0.00014615559314132222
1.944692072772862e-07
2.413222850767418e-07
0.03884473638590191
0.1368495421080955
0.00020175511856187825
0.37774595118143095
0.0001858162513690983
0.011477159019041847
0.014350699735590071
0.008741456737582575
0.08188884242914371
7.497615907679036e-07
0.00020297357957980698
5.2871310215915227e-08
0.012916898884668819
0.13004542403076433
0.0013471359126314409
1.5561432562064043e-09
2.585570430275612e-06
2.2078416167079934e-06
0.010350242950305953
1.9617974246581784e-09
0.7443779747554817
4.524927876565725e-10
0.0006157497854739507
0.000640931617984013
0.3776664133500842
0.05574502258236461
4.536339642659323e-06
0.07010510599492652
0.1657846846238778
9.076615904598621e-07
4.079895174607309e-06
0.00040956627577066
2.0944178948567742e-07
1.945501701199434e-06
0.00038240215350309105
0.0007653334116726455
0.005919545346485645
1.1744917059559836e-06
0.020798205649159185
0.0011384687679528225
5.7880638407447605e-09
0.0009558955557722308
5.330520771066681e-08
0.048759609905740846
0.19962940060679724
0.08799863329222138
0.16175554138816814
0.004763797264984606
0.1484961814113706
1.6705788658672505e-21
0.18117913194133986
0.2749812621314017
0.6490887467274522
0.011678006573685446
0.3534121972824788
2.606083338206274e-10
9.941700677699731e-09
0.0007830607005775684
0.002199327006779282
0.0007395419133618542
1.2382457675082124e-05
1.016065909099288e-05
0.1371782577198672
0.007709214949645741
0.0015660994889056927
0.12099428877064088
0.16365961645969668
0.12273414821960653
1.3637700622682885e-05
0.23392246789603455
2.73000656254715e-07
0.1837938363262158
1.8671380956092428e-07
3.408406904247948e-05
4.715015860003474e-08
0.010454810418476217
0.3898657161415812
0.12883556815201017
0.00326134594712912
0.01918722105366472
8.157304293836858e-07
0.01695233397938759
3.9118771236311425e-07
0.0004773979608632585
4.296834482751986e-25
2.984610741574838e-08
0.00018934784315965475
3.351030788684854e-07
8.630510100493634e-05
0.42004313498564655
0.018623869884603395
0.09753973898902377
1.956526417904033e-06
0.0003824934503151597
0.21477193894309876
0.3103020678604339
0.005237512210327292
6.677293956777898e-07
0.04939009926306888
1.0822216997505553e-09
3.39281300693988e-09
1.4270212633292915e-06
3.716170564526379e-05
1.9729501493931435e-07
0.17175590545411495
0.07503299014728575
0.3427238775620248
0.0017657158748410656
5.4092874805184424e-08
0.09550021948144996
0.007276715976850403
0.0011523559505970593
0.17383532518211137
0.11310221590239886
0.003152545277464817
6.95114119363229e-07
0.12487000348726683
0.0008204209093441605
0.4199906256716052
0.5219648792157603
6.991379837611706e-06
4.0227274892751737e-10
8.801823407472713e-07
2.1643118025310863e-06
0.0004275228101039878
0.03150468081502496
0.2721251169484291
0.20507871684434378
0.0003033038097137931
0.008927100221270346
0.17600035726174595
0.010278907524902488
5.902397339843903e-13
5.665072135292144e-06
3.0954536036271294e-05
1.8557540027908294e-07
3.2020774740193793e-06
7.852592245995155e-07
0.011853391541918529
0.19537134871370976
0.0015492700881691033
0.003645700332711011
0.003583616560082353
4.784221350035303e-05
1.985943546852819e-07
4.633371649472555e-06
4.200706395773222e-11
0.342916760432708
9.109929919910783e-06
1.1872959297491932e-06
0.01836054069200471
0.00030565755606012696
0.14356339977375723
0.2576615342997998
9.469014981442754e-09
1.6342689362742849e-09
0.0026683701375600595
1.4177210851022445e-08
0.01142087824956255
0.2165321916943789
2.1401091162578587e-09
0.1592368050008415
0.023150147057853638
0.01830045924064639
8.642098603550892e-09
0.039453212793158
0.38727738738948647
9.380079896478018e-05
0.15102555815235666
0.19221537106573175
0.0352982430391116
6.564314463310151e-06
0.06961381415215796
1.5358631401342527e-07
6.853469488200726e-22
0.12360043645245514
9.1629245018679e-07
0.17589379917617262
0.017853677775383898
0.055043834015402575
0.16139927552815173
0.026759211768975243
0.03709359674777492
0.07178277475765518
6.347438408676389e-11
8.09290237931832e-10
0.0011415381032725317
0.14479908584984713
0.00047351308015758966
0.0008149458839977219
0.00022932745717165886
0.03711758362620189
0.039888766636272714
0.16071473113516435
5.802627894217269e-07
0.07862273573772534
2.8238255165963745e-10
0.12927157262512354
0.026437223474332562
0.000566928314031401
0.1856965846475025
2.485031207801927e-07
0.002501213535486551
1.4279951582495003e-06
0.11290532480058446
0.26508502978755555
0.25170597337009865
0.003760249651419934
2.1621058405282953e-06
0.004769395512210658
3.1960398215693386e-06
0.18228963199798567
5.693305161402135e-07
0.0003714093285845923
0.002007262884935914
3.1753137704941233e-07
9.089069780488988e-06
0.18566996003036862
2.0287679701011006e-07
6.126554267406754e-11
1.4677741748509976e-07
0.014319433329113512
3.0214662360446153e-05
0.15614043362757354
0.16116435153215716
1.674657121447987e-10
4.015657168044585e-10
0.29714483902834254
4.622992884324858e-06
0.13041571104648939
0.1321422295978609
1.3818112552230042e-11
0.012454273524963602
6.604571898411802e-08
6.998486198704587e-07
0.03262166527749749
0.002896536804143119
0.00022137307708454846
0.349705082699258
6.434561549512539e-12
0.001883394296885939
0.7947213136394528
0.17188208110086992
8.570718708926388e-13
0.01624383189176751
0.2045615401074849
0.6101028262028156
0.1728643336216159
6.549102609225481e-06
1.6396581216872087e-10
0.5084752000128275
0.033345547989930426
0.02137518422017497
0.0978887886862078
0.0018158054286213049
0.048191583911371426
0.03370726775853611
9.136213558025729e-07
1.957916504818384e-09
3.273886580566454e-08
3.812933082878822e-07
0.16784612993798748
2.601768595546031e-10
3.911314232985066e-07
0.0058794798122726675
2.0536488679428023e-06
0.0030981237247939535
0.002741168380389189
4.7058459486432295e-08
0.6571843184867936
3.026988311498447e-07
0.00046808382221658973
0.5619953108238409
0.2775658989616494
1.3937406864235428e-06
0.020977853458179548
0.7662915146827999
1.0919835090499064e-07
1.7551003485415236e-11
0.004062371254377657
0.0005420045740092375
5.713765383666905e-09
0.0009626283963379249
0.06366385275981648
1.2113841374405422e-10
0.00037230559347804163
1.4130968050787982e-08
8.104569375839099e-07
8.416882974462581e-13
8.723577895411227e-11
2.0247341931385345e-07
0.10126947186019278
0.013537073445520562
0.1815339599398665
2.5063960175194265e-08
9.627053134252654e-07
0.2715745166804174
0.021374639097438152
1.4648901625181388e-07
7.793105616433746e-15
2.803342662608803e-11
0.14717961120575385
0.007077608529388091
0.0008404754282652038
0.013136298859931148
0.09902483887580431
6.28896847661514e-09
9.251336924207565e-08
2.0576955346849868e-05
5.797780955786692e-10
0.035824617694581354
0.012810262768008994
0.00028631659030718925
4.19316323380194e-11
0.007720915254030619
0.0058007033409030045
0.0008459403622591745
0.024127800043265982
0.20501587737120575
0.055950289329021574
5.890555712846638e-13
3.6406008964365852e-09
4.213169447827936e-12
1.9385439748031236e-07
0.0069266072537454235
0.009034523556170019
0.00218067648015634
0.0129765019565518
3.416032485785406e-05
0.5395399556858498
1.3859331721445718e-08
0.004250967741073447
4.3662992288344033e-10
0.010298533613029768
0.009992104656282313
0.006687367879827326
1.3319662632816913e-15
0.10713028039834925
1.6778007326066074e-10
0.1847381297044804
6.11545596285114e-11
0.053778833194312065
2.463353011510201e-07
0.3470969454197409
0.003929969915963159
0.33878009403880627
0.1338376722219335
0.008481246591354925
0.07039047524492043
0.40936870028049716
8.739926558275132e-08
0.013170439656635259
0.13310823723175597
0.007891662610137963
2.4118742440799365e-06
0.00042938841950299696
1.0318432703824663e-10
0.06604550847602109
1.2091395881462191e-10
0.008844588630897286
0.00966584667835084
0.454164593973114
0.4194898842544312
6.11335472465396e-10
6.617592230629797e-08
0.014248489673320083
2.297689606187117e-15
0.011406550870001806
4.40131861022e-14
0.00778005169365803
7.78042019534284e-15
0.46489689270583096
1.154191586222758e-15
8.70764830408833e-11
1.396383431889382e-06
0.011101733263289193
0.00022292154473197486
0.006117195790449625
0.01691909698276499
1.081141482452421e-07
1.0960418015513015e-16
1.0068166071210878e-12
0.00020412351782100137
0.17398689264426934
0.027988057581012867
0.4460356613151238
2.1067849617860103e-07
5.805123717177409e-10
0.3958762769989498
0.392548023795734
4.921412662777538e-15
8.263143360156245e-05
0.11658543917524114
2.718168910326092e-06
6.872659972314102e-07
5.671514450150137e-15
1.5483948014071113e-06
5.030572729059505e-08
0.6348552806837906
6.935368830331197e-05
2.266900819136964e-06
2.8081653783840978e-11
0.015316468566703897
1.1020121261811913e-17
3.1954582346298558e-15
0.00020478084756018027
0.3425077331761474
2.068552671537753e-06
9.331813037151574e-11
9.404873275218143e-05
0.003706371378589387
0.007408999746507025
1.635379633230429e-17
1.0649370171011817e-07
5.029995904892071e-06
0.041204505506970926
0.05739536201344219
0.15731787468339065
1.8915146072599183e-15
6.339240904004773e-11
0.24784746396601476
3.968588278138406e-15
7.921278860024016e-19
0.17283206846980084
1.0334767415209128e-10
3.2061930207611346e-07
0.0031581873610504953
0.02838212054842026
2.9054771269619177e-08
0.08615192579342115
7.012782728163632e-07
0.0025159236447302043
0.18680811802046404
5.242567477668622e-07
0.1766189349314603
0.010820298172149008
0.003999346484036596
9.526522350896582e-12
9.349667267270465e-11
0.16806883786021476
3.754289408247968e-18
6.423229966730738e-12
2.2934183117686916e-15
2.4453205187321872e-14
1.3600308367317016e-17
1.894303976953476e-15
0.2313874018638359
2.042753195836242e-07
0.08657701336796837
1.6354622755756737e-16
5.3555873873164106e-17
9.54342517127606e-12
1.7584909946074858e-11
0.20164234730016103
1.569219424117169e-08
0.0059660046925073965
1.3301246880175026e-15
1.566165802604939e-08
3.1899983324439594e-15
0.08178979869863452
1.7968927036710615e-05
3.6840642382783876e-06
1.4448767635246332e-14
7.737367804279275e-09
2.3325612269785366e-08
0.005911634112280983
3.961855472357144e-15
1.6249415597851728e-09
2.667438375314319e-12
0.0009716958720061286
1.1724540349933862e-06
4.279343891847214e-21
5.559147017721217e-08
0.0019429219165176584
2.675124371283848e-09
0.0036141218067760614
0.0013659097066076305
0.005617557769014739
0.015363470286736304
0.0031193451335914685
0.0026215485382789106
0.21244050915752785
1.9677464205961567e-06
0.00019555641355236734
0.0021595433138049303
0.00017240049828565565
0.007012639298601395
0.6207829849309707
0.0013590870789845888
1.770364824498851e-11
0.0731612472480741
3.647619082822038e-09
1.4170334288968264e-08
1.0998736428754748e-17
0.09373937621649776
4.0578237105605415e-08
3.942523847835582e-12
4.374714808914087e-10
1.173106067161832e-13
0.001970261269396225
0.0010654042199757712
0.21269656833751774
4.10853871814451e-19
2.6394174070552768e-18
0.6705108681732423
1.357776128022715e-17
0.04300741885488117
0.08356991112705124
2.548128994695108e-07
0.007024246793862935
0.009835183288960646
3.798719831348513e-08
5.772531782865041e-08
1.5516194901834179e-06
0.0022254096765288198
1.6281220412979973e-09
0.004835824222403919
0.0004414029517651437
0.0006462248971678329
0.0048136569918915155
0.6145922353344565
0.47615336328136293
1.7735492505791667e-11
0.003049334314555844
3.6761579964887687e-06
1.5582916815254528e-13
0.022419853076885057
5.028112897002523e-18
0.006913574486039902
1.1748767005719486e-06
0.2185587427251071
0.012854317068769912
0.19817091974205636
0.02104730203857731
1.5930561972921904e-05
0.002339292003143253
0.08957485817362505
2.9068188883148086e-08
0.05383895700121032
0.002713111692182301
0.12105154284221853
1.561052609504775e-13
1.8950941584224178e-14
1.8096625063852546e-05
0.004722544951631659
1.9509936128669335e-11
0.012377647931479885
1.2271934582597301e-15
0.0200428333258529
1.7203096502456215e-23
0.00508208933569854
4.715209966793476e-10
4.22054121993364e-12
0.5118652006437956
0.02983058952289195
0.5835488486105784
1.2292904990417549e-15
2.849793522654417e-20
2.0894257996887182e-21
0.009716538664308945
1.8918147833432293e-14
0.015837723270871823
9.231742642983574e-10
0.30281650124233345
0.002227168034429492
2.4496273051962248e-14
0.307878403528268
1.0660987096654913e-08
0.19534832226583013
3.749037446198431e-18
0.016727963706794954
0.021173509832856572
0.0013598899984966085
1.2524897975085357e-16
0.28195853394549547
0.004804240704666167
5.0376451443690765e-18
0.16760629502931765
6.265052758272232e-06
2.2242566969341322e-08
0.004000304915192433
1.638231965535589e-16
4.196335940399421e-05
0.006053985368543925
0.21579623795270042
3.0836932558448566e-29
0.0051263201571398395
5.761293971813115e-22
5.0047611399996525e-05
0.13257163132763444
0.004697066131128122
1.6190461330738373e-05
3.720395183981228e-05
0.3192495852434248
2.7240219725331888e-06
1.1343187177932105e-08
0.0013702396643473832
0.1928409307376006
0.41825357513811995
0.1993622964257274
0.00022111245154737955
9.338214555378274e-16
2.2271912560817696e-07
0.19370325493709875
5.098721812869093e-26
0.010180100063115583
0.5988945756474165
0.0005124292348246532
0.06915253239182956
0.0005712136242245086
0.17160420911055724
0.1683048316725144
0.22941657505587623
0.42138946853757325
0.12019090742756336
0.12061679094029512
0.006244454154591932
0.14375611346309047
0.1997227001678957
0.00015022047681244931
0.187119049342354
7.987752754741107e-24
5.0197376152322635e-05
1.149888911304511e-11
1.6234099338806863e-10
3.805359064607163e-13
0.0005947880560491011
4.514313135316593e-05
0.10321303803188575
0.010405269554028495
0.2204556810890851
7.453920719399022e-13
0.007892653646124162
0.20788963154812587
0.20621780906977547
0.22734744035419568
0.00242003979944587
2.680237730166896e-09
0.22571223469302354
0.0008831739099272939
0.03766046461993579
6.955059134056864e-05
3.767609248037791e-09
1.2552322796632337e-16
9.688073684565513e-17
0.01639536292369628
0.2717304507065332
0.2134105788128167
0.00015074874874030546
0.09364088320430099
0.06429938980835725
0.15953043199875905
1.920824251771426e-09
1.4423769261937717e-14
1.3488719083194777e-09
0.24390079106028578
1.0086215581599573e-12
0.00012257880568944065
0.0024857870702148363
1.5251620741419879e-09
0.13998270566094229
1.9244584906577148e-09
1.1365133322764223e-08
0.10769346260063237
0.00010787932187591892
3.280199719252341e-08
5.519189803855162e-09
3.522456011999031e-05
0.20536418371429163
2.7317955319440754e-07
0.4024564872168065
9.350553771241475e-16
8.009996715556932e-09
0.2827692458591227
0.005680913603746677
0.5313254224739815
2.687127336751875e-11
4.443321337998906e-09
0.18102461084099056
4.365704400157673e-05
1.3463527543441936e-09
0.0005618396814812364
0.00020328727893682567
3.532944118218892e-05
0.00024507742843339695
0.1644384018752014
0.2346962406786185
8.336374125593932e-18
0.2529886014770976
1.6392871364774622e-13
6.223894231705633e-07
0.00571492238523405
0.08931959630326197
0.012482963980544196
2.425227793155404e-05
0.0009379469026207495
0.061283612729225063
1.3793386567458964e-11
0.008876612996502092
0.04226975336792167
7.642929131158796e-11
8.025319857175862e-09
0.19038393703008538
0.17277489589046002
0.0011096225289296603
0.2045284879680366
0.0005632808815604717
0.2790133998363177
5.353126814907871e-12
0.00024522685662744923
7.549060228111983e-05
3.7986669317200804e-13
8.547493864624232e-05
0.6069828786915274
0.47840457405192155
0.7858854364649966
2.4187930727958487e-05
0.3518044504632095
9.214738406393252e-10
0.08198125216973
0.7156692057507517
0.179515250705089
0.00010827634810883884
0.660680219020844
0.23288631194278822
0.2407648583680747
0.8003081217560764
3.949621483673026e-12
0.24801043340968257
0.7553652631215143
5.146509951662536e-05
3.8415377882119225e-07
0.15372472442609306
0.13124043648783995
0.008862988583801985
0.15143079002680804
0.05524186615427819
0.09315818094829367
7.575229197604228e-05
8.256002911521016e-08
0.24358987323571385
0.0006458589390945854
0.00025297280774824163
0.2870829958167681
0.1705689607263723
0.0012176357324614386
0.1836093964738951
0.27117654378250095
0.06228599832003325
1.7313627753855731e-10
1.616550865009159e-05
5.051202050888803e-06
5.3406939353549e-08
8.678850519019397e-07
3.416051446981878e-05
1.033959000652663e-07
4.4366483821419425e-08
0.00010488650039641479
5.362859131908369e-12
4.929940225157541e-05
0.08586888348985415
0.1477005718704176
3.591726702791316e-06
0.42053070523825237
0.19630344953155562
1.3332539375539998e-12
0.5536435086067736
0.042543481563789017
0.772792543949478
0.6786328116554903
5.6503101620018455e-05
0.2975176065978465
2.6822069171602582e-11
0.8171787887120727
1.0496107145130161e-08
0.0002761491569377354
0.801574463078015
0.0004014204987443769
0.7281697012524403
0.08493030662994258
0.08879644477971226
0.6108951423868336
3.785108419704807e-09
1.4505544373425151e-11
0.1418815542756128
2.7370773810428864e-07
1.2690284468808102e-07
0.003940704177851877
0.0016118848628060545
1.4532929491146633e-11
0.00012091339630118443
0.0001225646437087259
0.004544700432821992
0.47324995040973894
2.643036311522953e-18
0.059943789147284494
0.0048618046971431045
0.19649505101776524
0.0003044138356704053
3.814335458080701e-08
0.22162829945100174
0.0024554213917146097
1.9714099405586905e-12
0.14651658911238835
6.122910382639244e-11
4.78652415801273e-05
0.005330367968007143
1.2957120438612763e-07
5.709190119462826e-05
0.1351778754802035
0.0005399845525824832
4.730170013448515e-07
0.0004507736835546538
6.501674892646237e-05
0.00010730582602612241
1.527137603542017e-05
2.17830822920928e-12
0.03878585100019391
0.003955087612951931
6.873087737780923e-05
5.042901308444807e-05
0.06038777666107407
1.9545329168486333e-11
0.09215303461114648
3.222519465331512e-13
0.0001165197237056822
3.522192545291128e-10
0.14979024535054297
2.946302991582783e-07
5.1600714668845954e-05
2.8346956550604954e-12
8.661118810692919e-07
0.00010035079916885613
6.49948022135229e-07
0.08332873691418399
0.00010732224537673511
0.09496785006425444
0.00023829139038403522
6.801607131842506e-09
0.0001438290278355637
0.06429982540284052
5.398005854712838e-13
0.11493143870457236
1.8878769080099813e-07
1.638741053878494e-07
0.04062262419979861
0.15369057271921138
0.1718491347543352
0.1290286499035831
0.0010786343406813342
0.0034003517434414822
0.06064675688788311
1.5459152523374202e-08
1.9240507995679446e-05
0.00010715571206947214
0.1311089044809987
0.00013115021963797208
0.00020317604685014313
2.6879693534238103e-12
6.501951217788481e-07
0.09053806215047548
4.260025443790735e-07
0.15895169464838968
0.18143210019674844
0.08741201768421492
1.2672699756210333e-07
1.9748489506882236e-12
0.4786466021776814
0.5253289636750832
0.2847068283789269
0.7228657995048529
0.059277029012656114
0.06441156455667688
0.7309948373881782
0.23829007697762414
1.8912311161318676e-07
0.0641043396050638
2.6217935465043244e-05
0.8105580798427882
0.06457762149181887
0.7601625406470643
0.11644773572866622
0.10749918080396617
0.6693334927707769
6.867975679529329e-05
0.5839145099756166
0.06277240060380238
2.609688708090046e-13
6.626749210872538e-15
0.08747100077248952
0.056501296370254875
8.250654481177324e-08
9.89351815768867e-06
2.829632255126688e-12
6.235787463452998e-07
1.9410863547272266e-07
6.79002310319486e-09
0.04542670958005514
0.4008596863427983
0.13181899675717806
0.2746560296032848
0.05235795258919993
1.2351344318064287e-07
0.2157623811752818
0.3366042518270732
1.9408193925787438e-07
0.00021439121297507524
7.60238467064177e-05
4.3472348694687273e-07
7.504086572918064e-08
4.3543865192919823e-07
0.1023446822905716
1.4985994427515042e-05
4.408259920557555e-14
0.20036714371707015
4.893417837549364e-05
0.05517671135366808
1.256331460242614e-09
1.212644347417031e-06
0.0752249865194777
1.4708012673723665e-06
1.232638621617765e-07
2.949281869900837e-07
0.06159079851312015
0.00010511192615291496
0.026552328141140936
4.344977089017424e-05
0.05607912908857504
0.09694742111560926
0.09018001151757228
0.10398423992967189
1.685869845568475e-07
0.0001691929898315831
4.3245499484348633e-05
2.605719522377284e-13
0.0010322013301823738
0.09626594307995065
4.659201435614248e-23
2.651394492052998e-05
0.017610295880032448
0.026894882224667127
0.0028785855209094145
0.005716738912106371
1.555937807663072e-05
0.0005499379745059786
4.048539984262986e-12
4.2543858859990954e-07
0.0002446699077535397
2.1411168877766276e-09
0.0001306711803254506
0.03182533586948693
8.154572826643623e-05
4.633268553582429e-05
8.080919094729024e-05
2.691785189546333e-07
0.33540404038985144
2.6811939059331683e-07
3.1728665349641286e-08
7.097711655051717e-05
7.293218624621258e-05
3.9339789063385504e-05
0.1436517992611387
1.8068077801430206e-05
0.1774240522043889
0.13184499215442141
0.13146300682442227
0.1782285820381775
5.513229084960944e-28
2.4892694209520125e-05
0.1835307904478172
0.11947380563274236
0.18438130394304614
1.1033487149014183e-05
0.16464836474616645
0.045611346225820075
0.1444816233107451
0.18284491129416305
3.2597858210886444e-07
0.1646610464131461
0.00013521080929728828
0.17724616467466475
0.26959102057072143
0.01856495041737548
0.1639322884931764
0.14374234751102372
7.545328113011212e-08
3.9877463906393393e-22
9.51710313318401e-09
5.128369239525452e-13
1.437883868514308e-07
6.698483370686321e-27
0.11887115852066676
5.298202094672671e-05
0.24725985894343544
8.460707358717329e-21
0.22720811149614392
0.0002052558399100155
0.2818617579519283
0.00011307722940249548
0.051238149824389574
1.2929248596277996e-11
0.00010716891292978896
0.02681174869384936
7.039894510828871e-05
1.7505903473070567e-10
3.49184218390578e-05
0.0009030516651361858
3.1998964836049835e-05
6.5873403345832e-05
8.30606302730123e-06
3.939902388086674e-06
2.6411360715383213e-06
0.01994687762104056
6.44096893152264e-05
0.04167626535982985
2.5283211265344588e-30
8.996484332631244e-11
4.6663396824028575e-23
0.044874968354944325
7.644478052919847e-05
4.408566226560459e-07
6.339042459857589e-07
6.981541765288892e-08
4.10539822245522e-13
4.827895798958599e-08
2.3712550573531487e-12
1.994940500858328e-08
2.7031486413836776e-05
2.1318264977558281e-16
0.038758349535791554
8.883463289316944e-09
2.1372741638770513e-09
4.040032569135995e-12
0.00023790281583921055
0.027414697347526804
1.4307488724332188e-08
0.052153524700854395
0.06957748000821044
1.2125494753065946e-05
3.777417509958427e-11
2.980138773228308e-10
4.921906784973784e-07
1.0985607622643662e-25
1.2941871496362139e-08
3.7455511096571235e-10
0.0062424277953783145
0.08595330968974794
4.451678290174615e-11
8.577688239084573e-10
0.14771559513843655
0.14982847481243172
0.16423086743809343
1.10518644042157e-21
5.779149075709284e-22
0.061339243477512094
1.6054655694573743e-05
0.0845739989428928
0.17833428670265564
0.07344130239836087
0.18475311781655637
4.486134997399516e-07
4.0617127893767206e-07
0.1458182907739385
8.755160941558468e-20
0.16515840141896268
0.010441075320308734
0.09472035975505706
2.0677136043325756e-21
0.012065930297047495
0.01620031862943615
0.006139137634831548
4.822271325635686e-08
0.07855859416658385
2.4580141704768027e-08
0.1016564386294353
5.626481261416245e-05
7.384036485153914e-10
8.450416815927073e-21
6.403694790559271e-08
0.026733831100843625
0.0003149853831313422
0.013570495632849197
0.03411961298245843
5.678496407983927e-15
0.0021956604368242707
2.080164799161854e-13
4.049989403925981e-07
4.29112915384491e-12
8.89334935805717e-09
3.983503801345817e-22
0.013195085406024458
5.517818863055919e-28
4.546205782965359e-30
5.667733756763724e-05
1.328162070773797e-11
0.04475822915434881
0.03117897589740134
0.04150112649755557
4.180837494208138e-06
5.850676490270487e-06
5.2208968306838925e-11
4.1131760260190125e-19
7.325577095453255e-11
2.972906853448469e-14
7.104204743629142e-07
0.0010294122866284974
3.9478821361347264e-07
8.508134030751233e-08
0.008549827226063914
9.95742604344108e-18
1.0701852724701236e-11
2.3940521956048504e-13
1.2158830731411133e-06
0.010370651219177561
0.0034191305865015117
9.595276792065761e-09
9.136174619333298e-09
0.0347518145148847
0.0039904220179791255
0.0006670559633645275
0.000533364306799303
0.03133524991209196
5.7309547016797e-11
2.6336656533143623e-25
2.304549107603043e-09
3.773772502606748e-10
1.2181512689001362e-09
5.862416188789023e-22
2.593731441923173e-10
4.154875698235566e-10
0.026572955113173802
0.026230515784568493
0.018298617882096253
1.362158177980963e-08
3.195355517450127e-05
2.3755779271482815e-09
4.884704365407201e-13
2.3929162588904713e-11
1.2664186118333878e-22
0.014457232116798382
9.717824485538866e-14
0.00013616926746116726
0.00029962417506282515
0.17895337728772595
0.14634764777499046
6.403050379069981e-12
4.27861304687114e-16
3.9121766271988285e-15
0.0007295897534829481
1.674324314519104e-11
0.07565734807750539
2.858086465616041e-20
1.1261323483579266e-14
2.8673083240368747e-10
0.05134584313056915
0.054591595195280646
3.6662711239786567e-06
4.5819128452483326e-09
1.1680807907128779e-05
4.607800245051053e-19
0.0002591111212404968
2.799153649778673e-15
0.000126908346043103
3.344423810143693e-09
2.8545045013507057e-20
1.4123122907441324e-09
4.2141245089158593e-10
2.451393621296864e-09
7.903293044245124e-09
6.629033393904244e-17
8.75691370547214e-05
1.861095114605368e-06
2.46438567249362e-09
6.184311802328652e-10
4.3408361502671554e-10
0.0002385416481780202
0.07597809111022201
4.7593865131560644e-08
8.151121783767163e-19
0.17777229665617741
6.532749056870489e-16
0.00014459481735365175
0.00376934144496992
1.2524896728830492e-05
1.3531341315642862e-07
0.024991301906072277
4.6396607118524414e-05
0.009222404786762613
6.800044281942809e-09
0.026022123728569636
0.006169681260780309
0.038587141889148226
1.2720037553900161e-06
2.4721299502451053e-19
1.9778798737445927e-09
1.517237640290154e-10
2.1330468856261433e-16
2.6334656847234953e-17
6.016879663784469e-16
5.250550807672411e-11
9.622025316287107e-15
0.11276712103985871
3.139847173454545e-08
8.332559063209347e-16
0.015695512876667452
2.6109786301674837e-05
0.0064383173802595945
0.001206940550559484
2.8989083171114697e-11
2.0939458736597257e-11
0.018730118736458523
5.6202044395600764e-11
3.053759593082556e-16
7.647666631790621e-07
0.009084009410320868
0.002500056164134851
2.667401036441563e-06
0.027631812091911664
4.778874368615719e-05
5.884404985891031e-09
4.579633836715152e-10
0.14688458289142928
0.15943233395062412
2.1871250171744693e-08
9.696583662249964e-17
0.08249205045890719
0.0006473726152166268
4.189389195359194e-09
2.191795360429579e-06
0.004217508132438657
1.6167831738238409e-21
1.512000251513687e-09
2.7194948601972472e-09
5.766186993963501e-22
1.066872337071906e-11
3.904971176874493e-15
0.05244881574458174
4.0693933401461453e-07
4.2849932033578045e-12
2.0962158634306467e-21
1.212742506945505e-10
8.464211998392459e-22
2.967899251929485e-14
0.04607458200360613
0.000651715410404543
1.8240876267097235e-25
1.5852709408731992e-19
2.2328358404627968e-09
8.432104574936757e-10
2.0665178770009415e-05
3.927698030443982e-11
2.0092522172569435e-26
2.88409450209042e-06
0.16170994936789762
6.342119773690486e-14
6.866556381942922e-06
2.524986786600884e-30
5.725161400672989e-07
2.1474447837045285e-10
2.8784617731438145e-06
0.06501103299541917
1.927533148423576e-20
0.08494152264366543
2.9185871429305958e-06
0.09224289769035333
9.039782836552857e-08
1.4501534050409768e-07
3.139990918903631e-08
3.2721587503336745e-06
0.002716493541271344
0.05685731038311161
3.0494870343406406e-16
0.01041619969501306
4.086299311418307e-15
0.0026652714157843187
2.6376678836293857e-25
0.10977105260432127
0.056948885366894006
0.0003075127718769423
5.3707929381759447e-14
2.238576998807868e-17
6.557014437423712e-09
0.02301385111087484
1.0732278276416608e-26
1.0402831951424669e-08
4.731894902444739e-24
2.996269115078009e-11
0.03450366442363224
0.06776711976562196
1.878054608016367e-13
2.2213893316409456e-18
0.03535367132729121
1.0840031811893876e-08
0.0026926998441899135
1.0552105127239948e-09
2.137094099685624e-16
1.5140633730654302e-10
0.12718095480277805
2.2437644323949557e-09
6.521543494924592e-16
2.025650589336672e-09
0.0763848743825948
2.0264274576065007e-10
3.126255996204246e-24
0.027102521820167216
1.3760944423590305e-20
1.791613026810272e-05
4.6842758930822333e-08
0.0013081017054895918
0.08230077387613818
0.09198156074681539
0.02659053573138633
3.610745508278098e-19
0.0003421869145375547
0.010562766839406382
0.043920648502461544
1.2673010613085008e-22
1.848048355233225e-21
0.17195496056177045
0.017132750406749987
4.664265443306336e-06
1.0715688111352164e-26
0.010707929976890372
1.273805686530906e-06
4.284513493642214e-16
7.811673961048675e-11
8.996384910997798e-09
0.07289448407707845
2.633094868513728e-08
0.1676108722755956
1.9060921186761318e-07
0.06834244412808495
4.596064524488994e-19
0.011252953915424574
1.670878286760457e-11
5.359811879200421e-14
0.024593434483862343
8.149585303076073e-09
0.12756411777274768
2.339334936973989e-05
0.11398977003767734
5.3416108977134873e-08
0.00014423797876344537
2.6669408028412787e-10
2.359048918656172e-10
2.0929854343000973e-21
0.010384938280612804
0.0028937868514252105
0.06486467141390138
9.721029350642761e-06
0.0021328714166188485
4.093644416609382e-15
0.0005396735823592827
2.3001684264641027e-08
3.005754791972009e-09
0.0054257807619058265
1.2275593271055598e-08
9.496858783107981e-05
1.121601845633298e-09
6.619426688926863e-17
0.01704445327173328
4.517178549878942e-10
1.1588703222626399e-08
6.632737772891998e-15
4.2945274031536707e-16
7.023432539632172e-11
1.3785355853074984e-20
2.252787490222485e-15
1.5725941216272886e-09
0.060755928019834426
0.03320880111906848
0.054928619906568554
6.536681175813794e-09
7.102995919860483e-09
2.9947719221129417e-08
7.213440212136237e-10
1.0084854573615908e-06
0.029835980613347114
0.05117198813954595
0.03766526006598438
1.8981053733498146e-07
7.083233895930437e-09
1.3216530467727908e-06
0.004670122067334716
2.3648975834393096e-19
3.594095857113944e-09
1.2733877202023516e-09
3.291328858330688e-11
0.024630531321844017
5.6098777300521473e-11
9.191199244194183e-10
1.4005862172291058e-16
6.363936336511426e-23
9.174351968237073e-10
0.014128921726820403
2.5958419034529414e-10
8.313642059638996e-16
3.9293176751642484e-11
2.8956049765463787e-08
1.8216941718964875e-25
0.06843236367825245
9.639622201655189e-15
1.0141755280615137e-13
1.3157043103848495e-10
0.042392951035128926
0.001429818621467683
0.004450149776195542
0.00025394537645821117
3.2006785260698714e-09
4.944282494092652e-20
1.0639498281661694e-08
5.011332730884841e-07
0.017221494995357176
1.1256123708113443e-06
4.302399605790822e-25
0.02385193049118768
7.185812800560069e-09
6.805347039228333e-05
9.395036237012977e-15
2.502749155120998e-08
3.022744792319652e-09
5.864719132099381e-08
8.771437309490267e-06
0.05098852392817385
0.15118460427078861
2.6699394218792332e-12
0.07878285736196183
0.024308989085415855
1.034117583740942e-06
0.0049437010078500964
4.409655871658705e-09
1.5033963494711128e-10
0.0011536858490743052
7.034837787068725e-05
1.3981248972439583e-16
1.6143099243832483e-21
5.162793831942436e-06
0.039746113571573115
1.1956705603150616e-15
7.381123485059207e-09
7.672144462891403e-07
0.0024923014958219197
0.0352335886276194
0.009685856461141196
3.4722240531909694e-10
1.5870662558109262e-10
3.5276389409281423e-10
2.4252361119083208e-08
2.4702556316925967e-08
0.003596590862143822
0.03299925498069587
1.1978420793099735e-15
0.07895199692990561
3.2606368909872876e-21
0.0004390527075195692
2.1508737767952531e-10
1.0718642080952251e-11
1.9249947177140613e-20
0.05734688838648177
1.1553020142988422e-14
2.46810823728608e-19
6.51539725881938e-24
0.023639220210908505
0.0045642239295272625
4.3078434248191445e-25
3.5940835430392463e-25
2.1388443244469814e-08
2.367336495402334e-19
9.9072184923166e-09
1.2156761082806963e-10
0.0576268229895494
