1.5314137094887446e-14
5.732726817516593e-14
1.9810087980370995e-13
6.319285885126402e-13
1.8608271923248325e-12
5.058252742794995e-12
1.2692624997351617e-11
2.940077739249627e-11
6.28669831624377e-11
1.240917381567867e-10
2.2610988906862165e-10
3.8032308528395593e-10
5.905303998874576e-10
8.464245923519755e-10
1.119929612038571e-09
1.3678851170923804e-09
1.5422861628482913e-09
1.6052280551856116e-09
1.5422861628591402e-09
1.367885117111625e-09
1.1199296120622169e-09
8.464245923757948e-10
5.905303999082297e-10
3.8032308530000655e-10
2.2610988907972092e-10
1.2409173816352794e-10
6.2866983166041e-11
2.9400777394238015e-11
1.2692624998119193e-11
5.0582527431059215e-12
1.8608271924406434e-12
6.319285885520142e-13
1.9810087981585253e-13
5.732726817856656e-14
1.5314137095756973e-14
3.77641971319722e-15
8.596554538784482e-16
1.8064461966408046e-16
3.50414509619979e-17
6.274737640980594e-18
1.0372071559334867e-18
1.5826754961520464e-19
2.229331712176339e-20
2.8987712865355495e-21
3.4794423820361277e-22
3.8553320526753156e-23
3.943395806308559e-24
3.7233631218093487e-25
3.245314999970866e-26
2.6111676867433297e-27
1.750318043975822e-27
9.774700938087699e-27
5.039024026708358e-26
2.3979814592999566e-25
1.053420229453663e-24
4.271829679547897e-24
1.5991258542408048e-23
5.525960833752009e-23
1.762744634606351e-22
5.190718079267372e-22
1.4109834631510296e-21
3.540567244441506e-21
8.201253044095353e-21
1.7536544362470566e-20
3.461499441737687e-20
6.307263210339029e-20
1.0608991113736332e-19
1.6472657083455862e-19
2.3610743933744253e-19
3.124007919029757e-19
3.815671888830562e-19
4.3021580413335266e-19
4.4777324417183015e-19
4.3021580413738465e-19
3.81567188890184e-19
3.1240079191152396e-19
2.361074393456596e-19
1.6472657084136012e-19
1.0608991114233698e-19
6.307263210664392e-20
3.461499441929507e-20
1.753654436349382e-20
8.201253044590502e-21
3.5405672446593675e-21
1.4109834632382326e-21
5.190718079584966e-22
1.7627446347115239e-22
5.525960834068519e-23
1.5991258543275572e-23
4.2718296797670166e-24
1.0534202295044936e-24
2.397981459406704e-25
5.0390240269078595e-26
9.774700938416215e-27
1.7503180440233305e-27
2.8932562671017444e-28
4.4148227977701105e-29
6.218649679373126e-30
8.086030012093973e-31
9.705793505389495e-32
1.7260344189430814e-31
4.5443763553061914e-30
1.1022970298238047e-28
2.465769613503403e-27
5.092571266018404e-26
9.722724647372497e-25
1.718105401338853e-23
2.813562043569481e-22
4.2747536075533626e-21
6.031982195431853e-20
7.911438235351544e-19
9.649269984690754e-18
1.094258053364614e-16
1.1525285600044721e-15
1.1245722685529597e-14
1.0132495445547402e-13
8.40314114758378e-13
6.392300799271052e-12
4.445522336609284e-11
2.8202749750974065e-10
1.6317517071738099e-09
8.62558517277706e-09
4.17912380104939e-08
1.862654469804713e-07
7.662603924127133e-07
2.9144347695728283e-06
1.0133065663023166e-05
3.1828098729761895e-05
9.061383432153448e-05
0.00023531582854926698
0.00056022285832575
0.0012277909974230939
0.0024860622689484987
0.004666336600338758
0.008146052616894904
0.01327170928246646
0.0202578193637737
0.02910290803039277
0.03957890899967846
0.05134625094444601
0.06423106029793613
0.07867886188483032
0.09529947772708519
0.11379531639040052
0.13312009611323733
0.15169634930242967
0.1672921962709715
0.17734652698090578
0.17955093494308413
0.1725402404501143
0.1564451037173415
0.13305834517667198
0.1054916204639739
0.07830536535648114
0.056687472677660104
0.04115526241971234
0.029442839929882614
0.020225662047516045
0.012982560113110437
0.0075774788162211145
0.003918607938125688
0.001759717290820072
0.0006825165864449523
0.00023236919891712605
7.156228835019327e-05
2.0402845408871556e-05
5.434235449877906e-06
1.355126964264692e-06
3.162119554232545e-07
6.893047313639843e-08
1.4007748263637716e-08
2.6477184593960537e-09
4.644334426230047e-10
7.542579785470084e-11
1.1315074258201784e-11
1.5643723802513067e-12
1.9888666247851808e-13
2.3205586189270506e-14
7.225770145416478e-05
0.0008876894949712813
8.72371161756635e-07
0.0209990756828348
1.4209687078851616e-06
1.2146915737871969e-06
2.9211030034116723e-05
1.109934146636583e-07
3.7441627622221943e-17
3.231704197227845e-23
0.0014113893754207942
9.85881219111183e-14
7.187803315046861e-07
2.454897897639964e-22
0.03408792031879091
0.0014073688061659393
8.709311629143042e-06
0.003401784995612426
1.2185854072656555e-06
2.9191806280825387e-06
9.043830258637745e-05
3.103247696102567e-05
0.00927302904731486
0.0006034703541932501
0.4971968808327625
0.5012949361687318
3.213114708094522e-16
2.4574755499648574e-22
0.03179452868828185
6.347634137284542e-09
2.2259570660614476e-18
0.48921808581349624
1.1033618558493065e-28
8.729540297891087e-05
6.4244017381165265e-09
1.1105938219940111e-07
7.26004586709206e-05
4.4434160096744924e-08
0.0002958916439988143
0.02465123978019861
8.352458970722333e-18
5.85887255178941e-22
9.844077818677763e-14
0.015320998345350643
6.0856553473456165e-06
1.0857239882365323e-06
7.775501684260172e-06
0.07523070014733166
0.4186189088634933
1.1963323037116178e-09
0.004146203210417645
8.685682170931741e-06
1.6345443047582816e-12
0.00022977942336112854
0.01558932196924818
0.0208703572494727
0.042185525195925826
3.448895987669546e-16
1.20337976444711e-06
0.0058098986963785945
0.011076359372181932
2.0615552202333467e-08
0.01865509692808385
0.0008843034601817531
0.0005790587434538474
0.000407114714757635
0.0004562625228183921
4.822421398635375e-13
6.096093765277924e-06
0.026604699208687962
4.709871844921175e-06
0.4177014111132596
1.2908686524895045e-22
8.720035983623117e-28
5.629984923735488e-14
2.416427653835821e-08
0.6047928419449037
7.962398652842886e-05
0.33882012441576925
0.009318626948025224
3.1071469788220515e-10
1.2193634593000941e-08
3.1123347022700935e-10
1.7269956079889748e-31
3.723150484266902e-09
1.0902614342075943e-06
7.850188401826112e-07
0.015659345600717273
0.4415401244577554
0.1681293377872593
3.101189396525508e-09
3.1064698547863626e-09
8.602061077928848e-08
0.018598107583563388
3.2266119866817345e-23
9.935476009902856e-18
2.354695045906329e-06
0.5171198012017498
0.00313723293538205
0.05719899428357271
0.04207760305916079
0.12638087954343485
0.6865507356948183
0.00619173634888082
4.801548537917791e-06
6.9177207682388355e-19
3.398805346526828e-08
0.07205452170091216
4.447315244045313e-08
4.1224167194569886e-05
1.194795552463849e-06
6.9795042954256e-23
0.09886146402647893
3.683765524140539e-12
0.0004993586911136972
0.003428626006932689
1.635431552547823e-10
9.700182406379864e-14
3.7162363774337904e-09
0.14513636170393884
0.0005821988957626554
2.0642430070822743e-08
9.556062427715535e-12
8.587634548519252e-08
1.1943499573038457e-09
0.029452316778461052
0.02230264193164837
0.00012175920736868244
0.10215615620484715
0.01537962692324262
0.665879055477963
3.682973310622712e-29
0.03191446366376639
2.745060394377403e-05
2.0021588372872378e-07
3.600861367590705e-25
7.079779639716693e-10
9.716669865064191e-17
6.362656016218053e-14
0.0339798262138617
0.09763521490287776
0.00011765888174673063
0.00032770487547218103
1.364821785050346e-12
0.5150075156669264
0.00043376406692766356
0.17019054766071517
0.10793452218236026
2.0456088215145296e-11
1.3645012541316477e-06
0.5340098169451534
0.6200005288940948
0.12905873965924547
1.591240948840065e-18
3.6750565922279923e-06
0.11310582908843957
0.13156269351627795
6.247725329380243e-05
0.1334953410594951
0.10266099948535799
0.18055064766317944
1.3271834686069084e-11
4.723795887401839e-24
0.15304291211905593
0.0006067249326468992
0.0004956665292200222
8.598079872091236e-09
0.002354586798896214
3.2555596940382954e-11
1.0829138870568002e-08
0.05296506695099343
6.353290071958393e-14
8.793842714650573e-06
0.13339515248396389
0.08614597494830659
0.1458759901519286
1.8637388931943105e-08
0.03230815571994419
1.0661965549562725e-08
1.8588860257233672e-08
0.03244322638141579
3.117231064416235e-20
0.0003248338673060927
2.6634765857838926e-06
0.0011005195871769062
0.024753330202576068
9.181860608280233e-06
1.6820191823454583e-05
0.17298970792852372
0.1737727906064529
1.3803771655595255e-05
0.035052688353733194
0.003117771209293568
3.2367802820439795e-20
1.216832603318452e-08
0.0005807443229541546
0.0002409944713788024
8.738899676117629e-07
0.0003184706467949897
1.7988805941835703e-14
0.003250547594808855
2.574828199428869e-07
4.714076610394191e-06
3.690641264953347e-12
1.2627452734043432e-08
0.0006051045608930543
2.328440671969112e-05
8.735767618292083e-06
0.00031631672547783853
0.17960082997504048
2.3967392057204217e-11
0.00922840544872145
1.6568113312855865e-05
4.18930752293981e-08
0.1789655643981381
0.00023943306969376605
2.6384532208746934e-17
2.7381786987276817e-05
0.1765919129601399
0.17933819706321677
1.5991046342773043e-07
1.8034629977632656e-12
0.06791114711919864
1.493957361160844e-08
4.420382502611858e-18
0.07681908578147287
0.10231234047844644
1.107140607575117e-21
0.0010550107673537581
4.115675974233758e-13
2.6536457362544855e-07
1.7988265048795784e-07
0.0899693644496752
4.094711835633409e-05
1.632688173359731e-10
3.1312356844601062e-24
0.1500051067749951
3.442523906731448e-16
4.826453518680836e-06
8.744174497637069e-20
0.15238350234103293
0.0001209634468872823
1.5889997948097318e-18
0.006360130894191427
0.11188418787788187
3.2627323587188085e-11
5.804300299488156e-21
0.1284949197918476
2.469670582213819e-27
0.09323539404625975
0.00018457312251306092
2.007038786477747e-26
0.04253189602715783
0.17199304314588185
3.606759423071155e-19
0.009118580024447223
3.0032926116875904e-11
7.997845761892844e-24
1.637867398786572e-10
3.2559691368974005e-21
9.019864419087215e-05
2.6099336559697914e-10
0.023250324809109383
0.04139144305282531
0.010928477754146244
0.04159921202067937
1.595969328402366e-07
0.00615014681578033
0.002623597709095008
0.017287630633136108
0.00710155492695815
0.01788427962270559
0.017834277085216097
3.3897541242475827e-08
0.16646189417920126
3.950731728629094e-11
0.10021604968614944
0.10068737164311915
1.490875955901785e-08
5.366987207168931e-17
8.737251520187571e-09
0.00031258846299668584
0.2957864117131236
6.5022198216958814e-24
0.006223879853618144
0.06979470035798414
0.07013361363855672
2.358309956329751e-06
4.61504787729479e-18
0.006515503428383194
0.024148210886778456
0.00398092023242965
0.14181892698672585
9.545089874908757e-06
4.622083992390966e-18
0.09885526388504366
0.03724426013897101
0.014053974168537367
0.002630545365086667
0.038299183829313126
0.178420909731914
0.040152820788356684
0.0007186517833656362
4.812550925056705e-13
0.0002714290578721239
0.09796369503912687
0.00044444148818316366
0.639052875498752
0.16944347881699603
0.176086489913769
0.18216802921141229
0.09115917451323433
0.1828281468301683
0.008660394532705196
5.466741373237849e-06
0.00028514613854924316
0.1754796063411376
0.03166613458688693
0.11139206234965744
5.567681903735188e-08
5.2871880484178406e-08
0.11559573027775977
0.15902182394869258
0.08348680435486859
0.0023983898070453397
0.11525337504504836
0.047462307395949546
0.10005931981480828
0.004460305409058314
0.0997646718731503
0.08324033593726635
0.0012618342071589515
0.1157769379989454
0.02351383005915744
0.18818448010361885
0.07174972242650066
0.05190874927916075
0.1852286970938082
0.19302247361498462
0.05209671742272896
0.19291873153889505
0.01833480626532577
2.1139524027178322e-07
0.09277913038384698
1.8196473728496766e-08
0.06715473914186365
0.06735924394737942
0.022890855855006696
0.1909111633573576
0.18835270311475136
0.12320712242372271
1.8167134951367153e-08
0.016144268562358684
0.1622277735157553
0.15842294315404284
0.17604263523076752
0.01724052878399682
0.18073161976652086
0.1084984287525305
3.232109340771494e-20
3.9148929452321175e-13
0.13135684039933151
0.317747071732736
0.06692772901414575
5.715046940483033e-07
1.776669471539804e-06
3.90780374674246e-13
0.0056018142570734
0.23619411375557686
0.1647123594835104
0.010019165004853798
0.0023433324903924056
0.009640019374876511
0.0008757523013528304
0.05617946946234314
0.13758552690315431
0.31718521757386464
1.3849115547518159e-12
0.0009132060707776525
0.14490749979833695
0.1234302637679778
0.002865675885139543
2.8523093764536348e-06
0.06297616627264714
0.1946881346481693
3.850482339239348e-14
0.11615568605198946
1.7791576909240333e-05
0.02338713536195174
8.755424447303956e-06
0.18785149179504262
0.16378015056237685
0.051910814584642
0.14434337557726645
0.08662960520421756
0.06413966613818058
0.09480793670505808
3.193802054370193e-05
0.18363651988918725
0.029454935028064715
0.028310764735888942
0.1779199220941902
3.1951509584399543e-12
0.03624803549161374
0.1936047223959315
0.0295888355163841
0.19632033700894513
0.16586495713133523
0.00014852764656854767
0.005315440402683184
0.023264798207302085
2.5647977563096214e-09
6.006591915385284e-16
0.15363605869995237
1.5880143286484545e-19
5.7914428590888214e-21
0.1397978694478886
0.1600277723434376
1.7831643122128373e-05
0.16910533355133384
0.0914381406367254
0.055226798899097825
0.03886806522110929
3.2166823506523504e-13
0.11401789492026532
9.663448538690869e-18
0.07838693793111848
0.12500013204238927
0.17866902969327464
1.2725695384277026e-09
0.07467698823017326
4.59020668243236e-13
0.002349284544030925
0.0220817606582442
0.0029213906374945804
0.011153327955421474
0.10775479824109219
0.07047909813310549
0.08050445501911703
0.008226166867906158
0.16788087101973134
0.028536029320945504
0.007377717989038701
6.99081164612418e-08
4.686100075490024e-14
0.007396544418794491
9.067375912540088e-05
0.19922765661555886
2.5940536380823385e-13
0.00651725286820596
0.03226854846487913
3.8574140473099284e-14
9.028000042776447e-11
2.0489159623826428e-05
1.288786906108753e-22
7.27513360481099e-05
0.0071194904335925785
2.0092189540638688e-09
0.19743064465080737
0.07334879089880936
1.897774724741041e-08
0.044153905223151386
7.077388949356477e-09
0.00015366837947695204
0.17961691079366424
0.0010348055362993146
0.04892699824282603
0.008920214345216039
0.010746416841279811
2.629386741183573e-17
0.008204698745778359
0.04349458044668928
0.18612453173248855
0.6603382063107794
6.038637404335059e-20
7.098568114813351e-08
0.023837477427112595
0.023916952335107426
1.5077037164666091e-05
0.04770484829991152
0.17413780620409613
0.1587589219324114
0.04372646677651623
1.2523504726550587e-05
0.13744810826593853
0.18098453267214906
0.07209771158413082
0.18447864136091333
7.613811548043197e-11
0.0001695953552562496
1.25511464004436e-05
1.0173575454567555e-05
0.004357455185330462
0.021873637302341677
0.09002857490188303
4.145903850883691e-06
0.03639135530856008
4.942492408340959e-05
3.049164854667678e-05
0.14796048352695607
0.02646820657535899
0.014280894242436589
1.5110786798938526e-05
0.15944609461582443
0.10212729222018112
0.09451479854507748
0.039906111885575524
5.268491515557756e-05
4.373449108382504e-06
5.670383811272107e-07
8.451032730724595e-22
0.09139462168167994
0.094972982952784
0.006533942178496744
2.6028370895644425e-06
0.009263739920387594
0.07018575624132134
1.0687730942992923e-11
0.00951396161003951
5.0412131931881404e-06
1.746010018227279e-06
1.7806557545407056e-06
7.599313782340138e-11
0.10214677347172778
0.0014304300298068845
1.6611561854835642e-07
4.1484776302803735e-05
0.06098320401631557
2.58932990730426e-13
0.15538405619157078
2.0730082841250863e-06
2.7353992232202926e-05
2.573349737580603e-06
0.04580164636433027
1.0359965511689875e-07
0.05616019158449469
0.010718867225558457
2.686309534130548e-09
5.682160323907459e-07
6.887015526337693e-07
2.242051073326158e-17
2.8163242330955956e-22
0.1091667807780895
0.05193270294515169
0.16412490641929758
0.21750181496394982
0.272431813492016
5.0643093965687725e-05
0.009287441254686231
0.007856877865610115
0.09510642464596115
3.535248621479799e-10
6.405213380698918e-19
0.09005165464224758
0.016241691750334408
3.3267076863036283e-06
0.09372474466181531
0.004794135250992699
0.08378119945864804
0.08322813966494384
0.06084412454754182
0.0078766729344418
0.0022883917035669155
3.5284632387590605e-10
1.315863405633488e-09
4.931146318060469e-05
1.042312767553918e-09
2.5705349356449642e-08
2.860418336594158e-20
0.0008943778234326913
0.08314611115956831
3.2009986540653474e-12
0.12356833865164672
0.10757948901267715
1.843112826240059e-25
0.05992291782300613
2.3434131702721813e-11
1.0195863137933665e-05
0.00017436989448224295
0.3362964110746124
7.669383333651807e-05
2.7212011788848348e-09
4.559055343461375e-07
0.168593055575002
0.092757404064878
3.8977527186705464e-12
0.08341295816395894
3.0864352053186646e-29
2.144456779419423e-05
6.04048792326256e-11
0.09557146583768195
0.000175731842206744
0.3929954039532769
0.10983615025871761
0.0047087160753157544
0.0008964165695459457
8.73431586011843e-28
7.225671450909325e-10
1.443348864693261e-11
1.100120064241288e-25
0.4212791466927208
0.0009154832596203154
3.7158823112020948e-09
1.0443233528777946e-09
0.04275151626480881
0.002784856914696802
0.006522911635445517
3.476043010916283e-07
0.0022939254416085198
7.64850307096982e-05
1.204781962521539e-07
0.010671239959496677
0.13817312134660784
7.782774962719574e-07
5.035506621931988e-12
0.07960141957775818
0.2939360300374677
0.005658032205790115
0.09799561671496551
0.004874032580344928
0.11408726276583683
1.9243474242585897e-17
0.3506442101713239
0.11908123042959345
1.8742317189246678e-12
0.08214891962046957
0.08240867473231678
0.037032857332426845
0.1874962760752124
1.1589981442164528e-11
0.008993684214122877
7.2494028723936535e-12
6.347907105234412e-06
0.11646912697984174
9.407946334514673e-15
1.8045630513644512e-23
0.16269515027630843
1.8507151270142628e-21
2.7293599111717916e-05
8.617690724414282e-14
0.006539107251696865
0.11673259033079761
0.24873146174168512
0.23651653210403392
0.15315241782809616
1.1708807135235444e-11
0.0211002214696233
0.02139407268875434
0.16022231921875268
9.191446866736067e-12
1.7838378138223785e-05
0.17658056626572396
0.09906812940268679
2.6829174112046087e-12
6.4145007080234525e-19
6.907072539949586e-26
0.23015375836444454
2.7056522551645935e-09
3.0986120631454806e-14
5.950813607472088e-15
1.7875403834575803e-05
6.704600313207036e-27
3.055553314880483e-05
0.1635594123982205
5.5295890510919084e-09
1.569650822347836e-07
0.006154549954879143
2.0738154478519027e-06
1.4656761594678476e-05
0.00966709839107808
0.015042648548226572
0.018541514333502093
1.7561003370417968e-09
4.519490227880401e-20
0.040464475673337566
0.2217545343096538
0.015002513671671457
0.25143745390031036
0.19773637405160877
0.0266264249507641
0.0018390431186690287
0.0007438271444221283
4.509456245403328e-20
0.03581871102518686
3.059499640493667e-08
1.1751776336005439e-13
8.12401277849036e-06
0.21608828414991668
3.893440450425046e-12
0.09026167584374643
0.00045760538357915973
0.26402332948413637
7.23163810540866e-13
3.482537101751733e-07
7.670342595661862e-18
0.04723048782842535
0.0014271435711447518
8.190759764921599e-15
0.11713505608285142
0.0007896802215740791
0.1793088510804797
0.000298217475574536
9.824703947552593e-05
0.15407385526745335
1.5241311945656223e-07
0.026111526541548184
4.7375836072482026e-08
0.000534043041730925
1.9001374866557343e-17
7.659030319424488e-18
8.077478280905638e-10
5.722405072885808e-05
0.15899710062241035
0.06945941350857703
2.18235220939514e-12
2.436033975938859e-15
0.05178879206416502
1.2072079791251986e-07
1.8942480994474612e-08
0.005299596250150852
0.1591672716722795
0.001109376012801123
0.22041399357980415
0.08046241754945103
2.8159969395687416e-05
2.6220330778153903e-16
0.049177627901936194
1.0377167311308656e-07
1.983612906445878e-15
0.1517187330281515
0.048984084360214786
2.6643103427349086e-09
0.23956454509260533
2.8041833513444055e-15
1.908500705324137e-24
2.6590109143787435e-09
0.17994156110438222
0.049227276241178834
1.9801703069914773e-15
2.4315503500236766e-15
0.0004024036030172522
2.626476111418525e-16
4.206799626507805e-15
0.43340509087996953
0.006171498464063222
9.472169508716292e-18
0.05188505555263669
1.0153275572847532e-05
9.208289426947027e-12
0.14539639010364933
0.03886401128655909
6.361472736211571e-06
0.16102996061380387
0.0296595984042196
2.25651833181249e-15
0.0009535636218917463
0.010817313330928757
2.2285712618411826e-08
6.376042262152846e-14
0.3909535501787824
0.1407129894432159
0.16346775996045698
3.820583144564672e-17
0.0016515927051891314
0.04717913302401236
0.0028797247139090336
0.0613930783575941
1.845181879262832e-25
5.5483616979937967e-14
0.025810435705657088
1.3133140831676454e-09
0.049840750694600706
0.3145085801688996
0.02016710115411733
1.795777787219436e-14
0.00053537078721335
0.12054509063581091
0.3138561987816147
0.08975298640690868
0.000723888880208768
0.20795029356904815
0.0029028434731561705
4.426903136166403e-18
6.252578209272764e-06
6.189148151747778e-10
0.017586697599954224
6.842878327183536e-22
5.9658169555508215e-15
0.010925251936472825
0.022165934459566574
0.17165284886259713
0.012213928657675358
1.7191667051708845e-12
0.0061536692574181125
1.0758695701448106e-15
0.004346448496962046
0.17508492341369103
2.9268660868784106e-13
9.340613322583012e-10
0.18070791294656052
0.34095636651950695
0.03209718261498238
8.205756970359695e-15
0.0003516637754101316
1.2907578205974999e-10
3.749124724281791e-17
2.3978287299862314e-13
7.223268985265026e-13
0.1511470965827468
0.0007455565815282909
0.295758786634216
3.577953226628624e-07
3.94459392389284e-11
5.9408914194909744e-09
3.129442400929248e-06
7.070633604027949e-15
0.18515719511215611
3.799218968674727e-20
1.6479612408341797e-05
4.6571431058927746e-07
0.017289856790313977
9.380394539006914e-08
0.0002989156010029981
1.8056178159928237e-23
0.022226501822516915
0.1353649039898053
4.724462188537726e-11
1.896775881082916e-17
3.065325152223965e-08
1.6592372588539125e-08
0.02392165989509279
0.17643446818295871
0.049367260328953645
0.1771421734812771
0.037325226929497184
0.1517576196195843
4.7156621222970776e-11
0.1411721385628942
2.09205880367836e-06
0.17704100762703825
0.06339817674716548
0.004207132274934501
0.26704640540616154
0.09923292349259365
0.005312594699203622
0.09321480647933876
0.05377255322734534
0.16706366181227503
5.276560682624275e-19
1.2935886171462324e-10
0.06352552043012888
0.0020425731354048
0.13325527700497164
0.03818388911779097
5.558799655470417e-14
9.835345902998865e-14
0.12779501472181085
1.6679792428626897e-21
6.914094580310122e-26
0.06193310073160628
1.4230991428448833e-08
1.9215478402090402e-08
0.0007361323055142646
0.2329289959078886
0.18440268095467915
0.1785171412356647
1.6455832834967054e-08
0.013122581528243096
0.07870078861860107
4.4464136370050573e-08
5.430580873502061e-08
0.00896994650612693
3.553510667196983e-08
0.003657772743890293
1.6444118016679966e-05
1.1154893071663168e-10
0.12179083010362596
0.006718624114303579
0.037733838909758344
0.13509126502395252
0.09953470893696235
0.06377296443151009
1.3804433443161958e-05
2.335031533728123e-05
0.09201684086818304
8.45302798796456e-06
0.18578693319880127
0.0002073159972143621
5.9552701997715e-15
2.7714573067427853e-08
0.02427349396712972
2.7965915636080124e-10
0.14256349272646707
0.2416777704433725
3.560637611296885e-08
7.558908023649589e-08
2.7769658550441747e-08
0.17877287382696072
2.1667994126845835e-10
0.042391850196397324
1.4259337957672156e-08
6.051843313045122e-11
0.13489058336317306
0.1995185825068556
1.6489846614246927e-08
0.08357296473484024
0.07189796850275391
9.72940151476793e-25
0.0020476275692074618
0.13344935990720072
0.005643806859045053
0.17426869824716218
2.026657730255192e-13
2.0700953673986578e-21
5.6663971348491e-07
0.16560810026621053
9.488821929168968e-09
4.455425995134779e-08
6.473206607439001e-08
7.058086796019748e-15
0.12350818103179378
0.001644603584761241
0.058114200109359235
1.4779483900216704e-05
0.0031372465462772745
6.222918853990248e-18
2.380689097746982e-18
5.441719584564157e-08
0.00045990374781887367
9.877926250460183e-05
0.1451329271231376
0.0011162752437022323
9.424884053011712e-07
0.014047334045758168
0.19281546114952477
0.11973196660634232
2.5173978310900367e-06
0.09124401047352748
1.5767317182898191e-15
1.3278100822926351e-12
0.13365549073369726
0.016286288189559482
0.18602259122553413
3.097181164541044e-06
0.2481398898878198
3.7187385470678844e-06
0.0995909628480862
3.391553721766412e-05
2.512108770360551e-06
3.0905897351234502e-06
3.7267739067057856e-06
0.0655727802522655
4.8365212472780876e-06
0.19361716102682158
4.382998574801435e-06
0.16871498102541815
5.595221079089636e-06
0.21050579084327461
0.19416822844092868
0.11766352117181045
0.14218397034658548
6.870465616615906e-05
0.1356649090804525
0.17041347295953502
1.9100775189438406e-24
0.018431439346130063
0.1196290196340677
3.597832560588801e-11
9.009615044134553e-17
0.2365819121694221
0.28417142069072093
1.2023780786130243e-08
0.0021365136846850665
0.0001269390203060197
0.014181322572234766
0.04912994388003742
0.0044564496773151
6.88581083839704e-05
0.0609784364801914
0.0202191481935994
9.590264409140058e-15
0.00014887582449274315
0.00035145165643568464
8.160184633439688e-19
0.2916768093531865
0.05100114422777197
0.010584543404261388
0.0006683682735619204
3.2130466793212855e-16
0.20368438449950327
7.095577814499777e-12
0.000550474243955528
0.27655678883015383
0.1306100381974491
5.260636292786705e-10
0.05383598869682801
0.000127234206422821
2.9706086081956805e-07
0.09991627844696273
0.07702023952920335
0.17670561251937567
0.0005517670525212624
7.312536811414403e-06
0.22163866853491665
0.19725699804550242
1.9900123401620194e-07
0.006666327970175554
2.3055691433507646e-09
2.340282802126771e-05
0.010038412694008667
0.001445452585957587
2.3760396827019924e-12
6.201516732121655e-10
0.0016613186466456187
2.9769644559161587e-07
0.0047422249753106245
9.483051545833874e-18
0.0003554212751354926
0.0033771264249433343
0.003987714213244131
0.08691367735755724
0.00035064810102881737
7.203263141750527e-05
0.04956038044187854
0.001742714717278061
9.032678242981316e-08
0.004806041984943742
0.003830760052465685
0.07536750245325309
0.2092266163329763
0.0004443698703025092
0.19380533336281552
0.028083592239510374
0.010063675996084355
0.0004453996872338441
0.004368516978809314
0.19231832446123476
0.003240897781848801
0.14678716685253992
0.11667737500538804
0.2557892532247026
0.08313943087156257
0.0036131956317115408
0.05913600132160416
1.632642547503928e-17
7.387728773786951e-13
9.447353636389529e-07
0.18507918825392358
0.003977958487120972
0.014623407251367283
0.0014066095707013222
2.1091723830076683e-08
0.07559114470078535
0.037215112375447376
0.0617512286415636
0.0032223882808285237
0.5109864706926363
0.5186791141298258
0.037014667729108545
0.10051894145973549
0.02025810159835609
0.19035001825514572
3.5706845969027005e-07
0.6715476576879459
9.019415968119633e-17
0.02318417721517921
1.9276348335879487e-17
0.053579259006020334
1.995698454057487e-06
0.02680089921133101
1.4480607862008782e-05
0.5653452093718124
2.1491477640535022e-05
0.0030692619798489027
0.40745786554049745
1.1610669174692801e-11
0.01458616158386889
0.001381951445443158
2.3241446371982585e-14
0.026064281208594466
0.01741077281793951
0.038310174089229536
0.0014052852305892526
0.07974098861356632
0.028818349741830278
0.04747930313281849
0.03720407793378021
4.2027841569825535e-15
0.19232086557423234
4.875964815196183e-06
0.05074062779906063
0.06396626414404107
0.10520864078735845
0.406528971282631
0.0032301789001339116
0.020311399197294227
0.03590605169071182
0.3333682696163087
0.02324583719834415
0.00010595325415722949
2.162715394939141e-10
0.017365861747668247
0.13453275647399102
0.20260449373683379
0.00255290889078734
1.07704467464411e-15
2.6730718342407475e-06
0.1528712347954544
0.12985414962198266
4.840902941881457e-09
0.12019008348998875
3.7228256079686232e-09
0.05450578992966621
0.04497760572170271
0.09650268177238448
0.00023481499552645757
0.0184775648446891
7.112390745284385e-08
4.677529046628419e-14
0.15187792743398068
0.0014104867521958107
0.017852603153764385
0.16468465777586888
0.0032494475975563134
0.017884552722924198
0.15231671595010704
0.001808218030005714
0.04761740245394837
4.9128491776967355e-15
3.2612367557780824e-10
0.16727183821994807
1.8725432107196454e-11
0.17107088593810657
0.03841580980276043
4.580289978703507e-13
0.00024785651905055966
0.0017469673014609067
2.5373654968612333e-06
0.026134727858548257
3.135730583913597e-06
1.1612284388269469e-06
3.028868276258186e-09
2.0495269631672264e-11
0.026779600835758546
0.0014089199456562612
9.113875120935144e-07
0.028240028623533156
0.03731268611722642
0.11147407391017912
0.03561481349759771
0.19126615269634337
0.0002703434135640624
0.3613399425443314
0.10353346364102385
5.866245512294526e-06
0.026038950763333197
0.19838547076271767
0.14478033419865927
0.10108986607575439
0.0009670423204046285
5.957023871948465e-15
0.028897365763956566
5.951970989746998e-09
0.0579888583732925
0.12264423351495436
0.031454699341936405
0.0982644838612371
0.003409458273030697
0.36358837006052286
0.1945734455611456
0.11586858812716958
0.12217695452385878
0.17818709071629582
0.026700143032128604
1.925155205877736e-08
0.18582886375035904
0.09351376395134435
2.3465633538111505e-05
0.001812435620220856
0.03427968240525921
0.0033552489822158697
0.013646265577457618
0.04922070741591694
0.10495985486966043
0.2038450803981459
0.18615160926895374
0.040013981791553355
0.11175114900807247
0.12528476427360466
0.05058439722250807
0.059362305102224046
0.003840379432375562
0.16757734947255
0.1525926746439414
0.002859499999054613
6.147004717359763e-07
0.1865276614467545
4.040304403341101e-11
0.07170785190167715
5.2493514333448884e-08
0.001103311002441463
0.05043306913714409
0.16911217359361014
9.84738561235411e-14
5.239570458704631e-08
0.1555563126020715
7.220684295296743e-05
0.0005682843419396868
0.22134826488459303
1.636590245104683e-10
0.07833467866629552
0.20833127166009716
0.08285343362908178
0.23966761089653107
2.3829890134210585e-18
0.05538191638775557
0.0021697965461815656
1.1176552522419264e-10
0.0045030447033180395
0.26411908227048136
0.18895466321608304
0.10689104096106358
0.05919487869729376
0.16812929986163952
4.568451364286181e-07
0.1475165869393607
0.020337393453219468
0.13101215806945257
0.011988392143309668
2.923589109506084e-13
0.06085815512490381
0.02227009082566437
0.07523094887716206
0.13630954260492145
3.1476933263841134e-05
0.10018721769880154
1.1686877361544607e-11
0.016689683470069567
0.010548549805843832
0.10042691671627603
3.824510689357266e-17
2.7245160412674194e-07
0.0004942888034674515
1.0535120838049151e-05
0.0006667800348334863
0.02673022493343477
0.12587421761274273
0.0012440202484863532
0.16365651643403092
0.12970859910652507
0.16833310753170655
0.12691605330064087
0.17271669458843833
0.025084516235363608
0.15313978613898682
0.2746779047149646
0.00020782300545159506
1.47243064137938e-08
1.8760775499249402e-12
0.13671758816642876
1.204814326427713e-08
0.13063708960460207
0.12501959463558332
0.1505808426815158
0.13806781480758498
0.05632877805189562
0.23020278920120352
0.012028019474578405
0.17825201767912988
0.0005837470988065999
0.032815096296515286
0.0017783279453129155
0.16685964693153857
8.63272376101851e-14
0.13499714385895129
0.18366342551599302
2.542447073473968e-06
0.08668728653288103
0.1790053652329425
0.045105999387767874
0.0014727865906976542
0.0028662098559579553
0.17945555098229768
8.750349997247306e-05
0.00138554003985743
0.06358785716097101
1.5664645674740287e-07
1.7674290976178598e-05
0.18206161393209355
0.09545741051025795
0.09858005527024928
0.1853820024680881
0.08071116041392395
0.11625402549818649
3.141044843048311e-05
5.060245349556814e-06
0.18691787107978416
3.217344364651166e-16
0.2651174324995129
0.19367688773596847
5.0704606582680955e-06
0.08613914729413674
0.0607648955128751
0.08540364162527217
0.052073923986394356
8.008083707180485e-09
2.310187783452276e-09
1.7637274877573456e-05
0.010595560211932864
0.11715222439050785
0.07501237267566056
0.016948625312644006
0.04128779900710727
0.09987521257636219
0.3217366143615915
0.17866212328486725
0.0014420561939034857
0.0006002645374797517
0.18040887480474152
0.0012391718228628552
0.1098541041810137
0.0022317520208489953
0.06758584159034238
0.16388164687616716
0.0025468297368467776
0.14288035390451786
3.2186147809335213e-16
0.29438906264891057
0.120418503887275
1.235205659091347e-05
0.07817398648459153
5.195542085414569e-10
0.14071090101897243
0.15065386840172298
0.12564779927500513
0.09567840074663674
0.0030772721637653574
0.026160049392787307
8.106637612260431e-06
0.03571654598034979
0.19615846407608895
0.2277096867868397
0.10812332740298701
0.170575970997621
0.026114683723500808
0.19228067843468477
0.13017748439411223
0.15470322756510474
0.0004955150790183801
0.006061195763603418
0.11790928471072572
5.624258331620999e-06
0.30504581328987646
0.1821493187832386
0.00024935436903444783
8.140068031735176e-07
0.0060778150550151715
0.29686173953819384
0.04045140432581146
0.17598058705667463
0.10584920770405505
0.000951325817752963
2.1891638210415947e-05
0.0005347994837453548
1.7497430955519022e-06
0.0007915931738770394
0.16810689375042384
0.16770408386596472
2.3270591631197558e-14
0.02515564914607139
0.18679638155002457
0.05134775741132324
0.08012709092600909
0.018533200765118798
0.0014553418310287334
0.06521505211075428
0.010578818651632524
0.0034099736906298196
0.16791774522960276
7.258949970891888e-12
0.06712923405080473
0.03866006086975948
0.0814467425634789
0.026861165376733408
2.4582552300142305e-07
0.27326421258945355
0.23661131527478457
0.0022592870482958187
0.15595489707906296
0.11707262230136412
0.0019625549252856207
0.0003929176150881661
0.06882620217083178
0.00023080541860898867
1.5569479445951042e-05
6.486703110148798e-08
0.0006327758317861299
0.1283681329485337
0.09888346538841829
0.18908752120609643
0.11472501736730206
0.16830931434853277
0.0005942907004415549
1.4429762915257464e-06
0.030490476830664942
9.703088805080731e-06
5.612881306995358e-06
0.02039208744801909
0.033964608132190946
0.001469326554785694
0.10654381404199949
4.6059704827987896e-08
0.46560444345004387
0.047033716865349226
0.03418632268752692
2.4062096201310577e-06
0.16434840881224622
1.8747818768671004e-11
0.00035083308709845377
1.4399356871220495e-06
4.846403767866683e-06
0.07665005486834711
0.0001365881246736432
0.18830055013167205
0.01789255639707904
0.001792566573821511
5.388601446484611e-13
0.016275843546359612
4.157877614124246e-05
0.003129451909985071
0.19147294208014956
1.0174074816555372e-05
0.0002484304935656031
0.020094334161197075
0.17781511441230338
0.178901244745492
0.0010519486684107645
0.02385856772541044
0.05218059907536124
0.028663119429277573
5.845507611022836e-07
0.0004245290486453111
3.750443388638465e-06
9.61910867321834e-06
0.001319854952187199
0.0018872542616197982
0.0724789171779519
6.3195468557453785e-06
5.233793242082827e-09
0.0008041251954768369
0.078093636209105
0.1875237542891495
5.360105075970287e-05
0.03786990214561878
0.17930689569592242
6.3418719291635e-11
0.15202543162778184
0.012508707175253032
0.031567239175869524
0.013682483733688086
4.183278368184273e-06
0.026851304415132782
0.03148244741623433
0.12004016287087058
0.05908855996117483
0.00015229885347279093
2.504260301545789e-10
0.00013132995961280075
7.544899846384555e-08
0.15509377440098435
0.014528908995286124
6.124904150832782e-10
0.17536346498214977
0.0005402395268144522
0.0032993619696767666
0.1503407585210768
0.001236105376933265
0.00010619566926637148
7.004135472644809e-05
0.017987117155254716
1.1588182514939382e-06
0.00012380773504533534
0.1182522536479776
0.17428973503144987
5.245523522745138e-09
0.18295355189605925
5.651684592025779e-06
2.9203079368112314e-07
0.27840644568248685
0.027729151151394134
6.18911068661447e-14
0.0009669362921351309
0.13489652854804896
0.43717275726913174
0.012058764440318918
3.1482800555404135e-05
0.13334543192177717
0.020301422591178585
2.0441895769231763e-05
0.0018434281443276313
4.4347427865966994e-07
0.35867398273428747
0.15161190430167412
2.2872269387760904e-10
0.060819867474281336
0.11730379991413217
0.18654992746308593
0.0001375836385783193
0.07324121587608164
0.14117316713682146
0.09619911715235376
0.11429236803633662
0.039678883146105404
0.03365237611485184
0.07230420033072302
0.07806811297035653
1.5591334084643794e-09
8.470286135632556e-06
7.50428401755197e-05
0.003879329613375556
0.09698991709815775
0.12605916867181435
6.486538766540603e-05
0.018314109390042688
0.12317219436674698
0.11020879116940634
5.079909732225735e-05
0.016866778897016977
4.045033713502104e-11
7.46712080594887e-13
0.00010138324047754593
0.15561654992036372
5.027891946385117e-12
0.04204460027615922
0.14810021490888303
0.00018889750708495103
1.7990807785574464e-12
1.335411819063628e-12
0.07558893977557618
0.02257239271458903
0.08565844857656839
1.9998587343799507e-06
0.5023503019768615
0.1327761136416396
1.5637599929460335e-10
0.051019759250278435
0.1759590163913643
5.223184493010518e-09
0.0001601002567185372
0.02765608589035431
0.16746803599928428
2.0302749516108095e-13
0.09598196532949477
6.163575262155514e-10
0.0002200506914311765
6.350865169230801e-11
0.03136729347862205
1.5668536405979512e-10
1.0503504237193914e-14
4.065135150313485e-05
0.10017991126602374
4.728490082384282e-08
1.013438266458192e-07
0.0005668749917174605
2.2617602699919747e-09
1.7401714725774332e-08
3.025756128375377e-05
2.6647229192106448e-08
1.7160506189656917e-12
0.010969740304849008
1.9823199885838487e-08
0.00021004991152660072
0.06672706044925147
3.604503486761575e-11
3.575839184139535e-07
0.00012408469567234593
0.40367777787359843
3.6266431442425425e-09
0.05284510949375789
9.75679953148721e-10
9.132637483570936e-07
0.003364195878909292
0.016732470166241388
1.1719688431566106e-08
9.050679227331604e-08
0.008217576717687993
0.08037846054657535
0.008197205999454855
3.2133811308701526e-08
0.01201861894331565
0.0044663393824863045
2.506975713403419e-10
2.436720483418312e-09
0.0005695884762879994
0.06541729140188869
0.0002219369235314818
2.1133280065542878e-08
4.886248982584304e-06
0.0058640138572086
0.02232848678754512
0.013228982036945579
5.1045789019935274e-05
0.05150670299864892
7.1085609481257734e-12
1.732984948307563e-08
2.952927143875879e-05
3.053714310965673e-06
0.012872888004400836
7.527983220690928e-05
0.2162485460480625
0.12294223244744316
1.9794553137412778e-08
0.0002709563118759465
1.3585647537874662e-07
1.7296992871787634e-08
1.705977844427322e-06
0.001105875536749253
0.0001009641504017214
0.002858750668574062
0.000309013201696528
0.20761103694658636
1.5662324642510753e-10
5.602614099046971e-08
0.00013201609748560595
0.021843217748503646
2.6966832403734234e-09
0.16585704681740243
0.02227088293995001
0.0011356683051911313
2.953901202823061e-06
2.0029725700031408e-07
4.85033140589515e-09
0.023826486603353094
0.03872619881269231
9.309086002730405e-07
0.0010601928672622314
0.026815903819246756
8.444506086892206e-06
0.018283513217715833
0.0022568443260210847
2.484908674522575e-09
2.3396915786193498e-09
2.0002692509389346e-07
1.582359776832669e-05
3.0127326575491926e-06
0.00023529776415452092
1.6833859285243179e-06
0.0034010495271780895
0.19660047931756278
4.812113340086259e-06
0.01032164113777853
0.049649682007013064
0.0008139498288316681
2.926266241299822e-05
2.7913008792766776e-10
6.705746621721682e-06
8.556275346270957e-13
1.1532810334408387e-09
0.04850440009335503
0.14658357301513902
0.0003097061789378889
0.0014588507743786136
0.001917176313731269
0.0027359912513327516
0.17984461551410902
1.509412561198837e-08
0.07093866947925064
1.0906669049441702e-09
8.853062140324759e-10
1.3899847431930607e-09
0.0005115638918966746
1.506359996937388e-08
1.5049457322529586e-06
0.0011981996865801953
1.1548649228856052e-09
0.11207742464712155
0.018327828814879085
1.3302072743950582e-12
1.0920598484846438e-09
2.5492378161171575e-09
1.3775934469486571e-09
0.17794935632842776
3.2118497966098753e-09
8.03571975539212e-05
2.4797605081784334e-09
5.66362335664189e-07
2.5119520770476206e-06
1.4902280886844718e-06
4.204087821639395e-09
4.196080119415459e-09
3.7233063219509743e-09
3.2014385444083153e-07
9.098688152208147e-07
3.7166039200458947e-09
3.206539850507342e-09
1.8022010653348584e-08
0.016233301150802248
0.17914980030224967
7.926813620320177e-07
0.0003938102126099135
0.00023131140452292082
0.031862501716676664
0.004545772783626766
0.15840414095916017
5.612707319524148e-08
0.0011922315588492683
0.03630883037367297
0.07258805664024322
0.15467954761990882
2.291424728682773e-10
0.20831121569551447
1.5743890940950553e-06
3.104148607472917e-14
0.0006342397710687325
0.15693978088355628
1.0513374954834538e-05
0.12961029305767524
5.183864036047152e-06
0.009152115591226844
0.004469141448570343
3.255199148888514e-10
1.0766072217743675e-05
0.10010105691822035
1.6936005331542732e-07
3.137058262156916e-06
0.18282741410726788
0.10485023922013383
0.1711971328267097
0.1521473635328949
0.002051796908516391
2.0115224412416235e-06
0.008331344671623215
4.5164768616910333e-10
7.297425777398424e-06
0.008425955135940303
0.023164362072924792
0.00018119499647219935
0.09882873145447421
0.0003520870161742266
0.1777030001495948
0.1360673430295228
1.3612944620654892e-07
0.16164379878659962
0.008586216873136751
0.04457285704356451
0.1213096434841529
5.3482830001570024e-05
8.657096003611066e-08
1.5536623456871394e-05
0.00034866752210020567
0.06887876359583066
0.08189312554522463
0.23346067277013358
0.03982003062072343
1.2333805212265763e-06
0.14349219786988462
0.0012920367242114448
0.10472710344008666
0.026728390853283542
9.921810543345032e-09
0.1361915569302798
0.00020126375071310697
3.8337334735550025e-07
0.13413930486531694
0.1642124102083252
0.13409135916635265
1.6218011629912554e-06
0.061380526946706815
0.06132378259756075
9.605528709639117e-15
2.0943160475791004e-16
4.79806265468384e-06
0.15894212815900638
7.99223772913023e-09
2.191090433115076e-05
0.18126027151140955
0.09550175165901845
1.0887082483683442e-08
0.17766102651062252
9.722916150277386e-06
0.22283453896115582
0.0027780925936135557
0.12045152375787067
1.9375304942785815e-06
0.04380644719130609
9.638893240021396e-06
0.014915143906025658
9.327471218701105e-07
0.13584338664073745
0.1208236928577301
0.16512789285453866
0.14522808643743274
9.333127822603415e-06
7.090294368063844e-10
0.08763622747189295
0.1921933395919567
0.09427509539464393
7.397912192899456e-13
0.001404762721233884
1.7093702038366582e-06
6.484026917994528e-07
0.029638657454681926
0.08826343881132476
1.2361972221815058e-06
0.014147662261435578
2.0072527906931601e-07
0.2437441479433351
1.6258282400186181e-06
0.0013155769964661526
5.301550132317737e-07
1.5794489931304967e-15
0.17039853765651747
2.0907513092152182e-16
0.26603846661196523
0.0013232367139389418
0.19462539704600187
0.30199266158047383
0.1797674114501137
3.0603093553831383e-06
1.4752175309128898e-08
3.706382307688526e-05
0.05117340505048541
0.06713162505626406
0.012246729209194325
0.002750736479793982
0.13610264739729308
1.5079329014555263e-06
0.11508284007670784
2.1937440248559183e-05
0.3251388790526804
0.00026309223544387705
5.366782305369e-08
0.0413013291780449
0.15647725651455716
0.16853207629266218
0.3226547862341647
3.76673401356404e-05
3.805318368568014e-20
0.40015847447214387
1.5696657197106278e-10
0.3146455223051854
9.130111310988248e-07
0.1629024479308952
0.002141842452949247
2.396199973983823e-05
0.30699328102969237
2.7602300154131127e-07
0.18692902918532217
0.000224187708443373
0.1736855289925066
0.18737630565522057
3.633326847156202e-09
0.09924364158597075
9.773584422802258e-10
0.18052280402836265
4.4257289602184286e-07
1.1741499362334906e-08
0.0003787691473454803
5.02782286819854e-05
0.05827329486546961
0.004358409285927652
1.8022288617782177e-12
1.0788518658080787e-05
0.0337472723008978
0.0012652968995543513
4.869911265971602e-06
0.01837639069776633
9.107567956429539e-07
2.05190559628205e-06
4.448712607804351e-06
6.477802613882062e-05
0.014413814009528887
0.18623907930149566
0.06916406474510624
0.08852565645457282
6.174890864215262e-10
0.4805143416937328
0.005599667640495872
0.1337964037387911
0.01056096221500343
0.0722332175388514
6.3061681740926415e-06
3.018795854015116e-06
4.459027435169216e-06
0.11798179951126493
0.16891033149987847
3.1434110108214015e-06
0.19206071273860312
0.0024661391056884727
0.00015973843802651703
0.0009692170385642486
3.778524771110647e-05
0.00022366381931491903
0.0005654218091271108
9.176916241093977e-05
0.011186371298698464
0.02376056744221632
0.00044967969467088286
0.18840702769480455
5.047216732341152e-05
0.14431446994099406
2.3862104399147766e-07
6.506442007711762e-05
2.6518487225806546e-07
1.3256805073299782e-05
2.125204509057367e-08
2.047163785020296e-06
0.2172223650709953
0.014451494884978891
1.364889561685096e-07
0.21373369373453036
0.00018235626583772447
0.018733472615258543
0.3259490003590263
0.0005989049380288013
4.6823398471726216e-07
2.9598266459641048e-06
0.09650153979324079
5.270939183716391e-10
3.8850197842489877e-07
8.245421035408052e-05
0.013316217221836148
0.024891102999852175
0.14251026607964454
0.1890350657721777
2.724530501682353e-05
0.00402736241641201
0.11250315177005772
9.311199760115048e-06
6.2346541155889255e-18
0.012601804604713785
8.64980125124744e-05
0.010672988189417327
2.7172379912497136e-05
1.8842423961350385e-05
1.6425115472974994e-13
1.5712664777949679e-06
9.066460805279838e-07
0.0592719736082904
0.5443112281753415
0.004217314861312723
0.011157036947065314
0.001295008675239753
6.469559604300418e-07
0.07843764405295589
0.07918262709280643
0.1611785513916148
0.04929225122918482
0.06537356997154346
0.16658710243046168
0.08050095152292625
0.00015263189234367882
0.18767652821286862
3.8757086328703684e-07
1.1879792692194318e-07
4.916362603295537e-07
0.17318224501630575
0.006604553368679968
0.04251455744897296
1.0521392418064879e-14
5.371336537712748e-05
0.1798197600111144
5.38542949665014e-05
0.015397846446944257
0.008035877278914094
5.101009774455935e-06
1.3992522641519385e-07
0.17669695029149887
1.971053742816109e-06
0.20685433160489441
0.00042547771438871735
0.028741468441616805
0.06896506948770365
0.14724317615519092
2.3812991844351635e-07
0.0013288165343154424
0.08987213795105053
6.7195149479872736e-06
0.0011894101432640334
1.0377553398982295e-08
8.342915614849187e-05
1.6800508610589581e-06
0.012214701063989
6.374440650864709e-23
2.764511102560789e-07
0.1119412800751323
0.13372155748940848
3.8494329998818237e-08
0.11129757993192907
1.4261900438440213e-06
0.19071281091960945
0.24834848886709937
1.362176235263404e-07
0.016430532485292082
0.11257696993685935
0.0014112686297986844
0.005462458522840411
0.11708922314281715
9.048537154784903e-07
3.7600284977403686e-06
3.582744681244226e-07
0.1683763533808466
9.537248254547263e-07
0.1429713510602646
0.08149619934692336
0.15543363020991033
0.05450596965130162
1.1458847068479283e-08
4.67263249748384e-07
0.02001969565988949
0.005587697435193041
0.0004020638236585312
2.266777776753198e-09
5.9366180938327874e-08
1.1384803482984133e-09
1.8885842231861974e-05
5.253038074901446e-07
5.284841456912482e-19
0.003544971106462017
0.17444587547436574
7.44168980540764e-07
0.09259658816808851
0.00196717944569088
0.13467993123777486
0.014111138952016272
0.04950388572609078
6.301323877362541e-09
0.12976598857444446
9.64970804787817e-07
8.722300145817607e-07
0.008495007518730644
1.0153471122777069e-07
0.0001440864416219409
0.0029816086426564907
0.06817023971630165
2.6697787262391646e-08
0.00010240469347588043
0.10863238160990764
0.00010267277554538108
0.0001871278270544985
0.0011563320599936244
2.4412503816402488e-09
0.00018761592535029088
2.1957686150887024e-05
0.06626359270672232
0.15068416592039077
0.003307548360092805
4.0740151546136974e-05
0.06693583119265999
0.00014712632759492672
5.583899370495139e-06
6.199684692757067e-14
0.010613581432030148
0.0002639198649277668
0.18835017612919508
0.07048057941417958
1.4032191698488538e-06
2.8317300608123437e-06
2.1221139884502386e-08
1.8216536311662618e-05
0.00029541719675585853
2.692024709331257e-07
1.4292456504330913e-06
0.038842174742642316
0.05134526383035686
0.00020172420477474184
0.1691764460908316
0.00032937344939468427
0.014633399780714892
0.010606170740655434
0.0061370231503111005
0.035572623294340536
8.705211699760226e-07
0.0003285151682435826
7.567587972239483e-08
0.02841290672092987
0.08185436115519368
0.0014148104903240063
1.5562914308681465e-09
1.8159310632465005e-05
1.3291564173401336e-05
0.010350085300216891
1.9617974246580506e-09
0.19462470664068007
4.524927943619064e-10
0.008219390426181495
0.0006018744622046955
0.18335027334224316
0.049953672922720675
1.2742770831711142e-05
0.06989846041000597
0.165782130851869
6.236994223791592e-06
4.174813819502257e-06
0.0005543154238640457
9.55627615861526e-07
1.991149195458273e-06
0.0005557353660215654
0.00676807261228572
0.010279787771216709
1.2323777616542052e-06
0.01349812667494815
0.0011384682300003715
6.128530332211248e-09
0.005575454155069147
6.110845832490384e-08
0.023497971818666936
0.08152469496397803
0.0357632165994666
0.16175362608226596
0.012892965983860045
0.051178265727552116
1.6705788658672505e-21
0.1811771725866601
0.10896794817083227
0.1912661527419053
0.046635349909620344
0.19121414317436378
2.606680113606532e-10
9.941700677677219e-09
0.0009010462904803236
0.008683097414690647
0.0009033238583623605
1.237843659241535e-05
1.016065909099288e-05
0.0626527004530738
0.006541968968923389
0.0014765513605845156
0.1209864435102093
0.16365228194065012
0.11466600168377174
1.3775998117794983e-05
0.06934072055824232
2.7300010644944747e-07
0.18099377121094676
1.8671380956092428e-07
3.4083951513291e-05
4.715027182819016e-08
0.009588292590446227
0.15118231645283803
0.12883510274239965
0.01939869743121098
0.020332110703633104
8.157304266471533e-07
0.013400962616800561
4.906827598681413e-07
0.0027925072809868814
4.296834482751986e-25
3.433705559605104e-08
0.00018934783475015564
5.025740312238098e-07
8.630309031297894e-05
0.25403748971307555
0.016595018259858076
0.09753709428167083
1.9871710382207177e-06
0.003405358670266434
0.08176385257116796
0.19052000010953662
0.01045147675153402
1.112192541741267e-05
0.02356282797622881
1.1368810833827315e-09
3.7164995490311163e-09
1.43575153050165e-06
6.284700519159085e-05
2.1382848342185534e-07
0.22155982732832646
0.055510017552573676
0.08957107002421735
0.0019825673905173352
5.925595493150367e-08
0.08323516547533866
0.005821787330906712
0.0010789849431821626
0.1738280251879379
0.09073678860101371
0.0029899985876049658
7.427110679066023e-07
0.10500290352842961
0.0007672589297590748
0.18400074915225187
0.17735688909151054
9.592570143968128e-06
4.023029448300853e-10
8.418514646079684e-06
2.166564957833209e-06
0.0004241300962963481
0.20016596527278196
0.10182034931304773
0.17954066831105508
0.00029335013954489707
0.05707819579003817
0.0944143888069961
0.014874086788488507
5.902420722119718e-13
5.665072087340857e-06
3.0954536036271294e-05
2.6971629819947184e-07
3.1992122218852638e-06
6.253042653747507e-06
0.008170829577375567
0.17888666825982344
0.0014731232634452936
0.003266848502705015
0.0032590573367041456
0.00014362014246174705
1.9859435460935333e-07
4.627579380616751e-06
4.200709627844354e-11
0.19123975298450854
9.104320541891061e-06
1.2299408059954564e-06
0.1451092218098335
0.000377879294854093
0.13131357653496664
0.18025264351583606
9.471070789575113e-09
1.6342689362742849e-09
0.005664329048595708
1.7373495301895815e-08
0.008196891770569398
0.17785708962218574
2.146993442225395e-09
0.15255908278628813
0.014343180240918667
0.01111000774596947
8.642098603550892e-09
0.28070285319305993
0.15392145289109135
9.369707366512272e-05
0.051343264719223514
0.0946992284418219
0.018801518249656497
6.557821939912685e-06
0.06952883563705409
2.6459551203425084e-07
6.853469488200728e-22
0.11192640917183513
9.262695575456754e-07
0.16734659427828524
0.011143897263822141
0.33511978983126167
0.15058247520546295
0.014658018745539188
0.01881054474152841
0.06382441910655459
6.347807537813595e-11
8.092902377236222e-10
0.0010765111833317
0.14479865641984033
0.003330402219843614
0.00076552514892154
0.0015989989059754831
0.018864109119959574
0.034144449452000236
0.15095281171230424
1.4536989081270148e-05
0.03581438699868792
2.8238255165963745e-10
0.12927016037918412
0.014701139716199489
0.0006162524122144847
0.17199954889171468
2.9146936438739367e-07
0.0070429147763735565
1.4328719504982457e-06
0.1129017311927376
0.12440469490831584
0.23922831248168142
0.003839882016623095
2.1621662547419636e-06
0.015198254016776271
3.192682453025966e-06
0.15577465833517454
5.834126576656136e-07
0.0004029698148449652
0.0021521270280156495
5.035785257003725e-07
9.085130551202393e-06
0.12150446162762812
2.0287627127645885e-07
6.126555061232854e-11
1.4677798955267688e-07
0.014313326781872101
3.019235562301716e-05
0.15029558676691937
0.345538783793051
1.6752488966362525e-10
4.015814511201017e-10
0.09411188567302796
4.618037473683614e-06
0.42939989806621953
0.08073930270827694
1.381811297451426e-11
0.012284718734353642
6.604572482356356e-08
6.99842053978099e-07
0.018137603524897718
0.006920982620551097
0.00022137307699780475
0.08993779951050299
6.4345675334011305e-12
0.001976791173673761
0.17550550461942305
0.12097302283343449
8.570726381203133e-13
0.01624373085946153
0.16080230275248236
0.13442074432243736
0.15511077762424974
6.544163193305486e-06
1.6396581216298148e-10
0.14654864555098093
0.018185035521461206
0.020204028376286483
0.09788218671422484
0.010628817188228777
0.615809358281411
0.03256172974874247
9.281042181685768e-07
1.9579165048183638e-09
3.2739024977242975e-08
4.38159182604414e-07
0.09356997982121718
2.602098815062979e-10
4.3731006096166313e-07
0.0058794583155470535
2.4052214298980985e-05
0.003097877627781036
0.0024603356610270835
4.7058500585012084e-08
0.19676498569723175
2.8245258243866764e-06
0.0007818768314191434
0.22823314023250738
0.34877043229286747
1.3933130403190158e-06
0.024293645452322998
0.19589123669826083
1.2425829624456198e-07
1.7551003485415236e-11
0.01585239359856509
0.0006176977008083706
6.14012922207874e-09
0.0009626341332702407
0.5758076833887331
1.2113841389197937e-10
0.0003546317138595833
1.5519191577230874e-08
1.1081959866716093e-05
8.416882974462581e-13
8.723578038424034e-11
2.0247294904633994e-07
0.38569257015362995
0.09226140282146095
0.1679460548756205
4.055791737638827e-08
9.630425981041402e-07
0.16076747506984793
0.013532373128408855
1.4648890500310097e-07
7.793105625175126e-15
2.8033473679894898e-11
0.14717774714162885
0.02773738016446916
0.0008232227583449515
0.008401651213874303
0.06543192544535208
6.288968476200853e-09
1.4395759725483486e-07
2.0576956781943797e-05
5.802952572416311e-10
0.03853264046191492
0.00962888256197624
0.000823235612995614
4.193164562814825e-11
0.06277878482797235
0.014989214838812544
0.0008251132501259353
0.014285229556027549
0.3305698852813169
0.034355306119422
5.890566924434499e-13
3.640600891987195e-09
4.213177450898842e-12
2.1423953633108848e-07
0.0058413045260552665
0.007562902537652594
0.010325433077142484
0.0084238993492877
3.4160100496505545e-05
0.17845710034715576
1.5545061164498693e-08
0.004012509836095167
4.366299228834394e-10
0.012048233655969716
0.009991844639961901
0.03251572820344472
1.3319662648088755e-15
0.46011326139013803
1.6787797926337604e-10
0.2698605010919087
6.115456251904212e-11
0.041783941699750186
2.463353011167426e-07
0.12304381273598175
0.01870591383657351
0.13017984588519468
0.3722898058331997
0.007597581054467871
0.05275422166358422
0.14444533767942935
1.4427510894840003e-07
0.009652856166145871
0.22049898700805262
0.006558012735200938
2.4118742338100013e-06
0.00042509325340327734
1.0318517197216984e-10
0.06604164172116754
1.2091395884027653e-10
0.043529283430615635
0.009654832463924838
0.16416185325673893
0.16975598471697437
6.113354723215663e-10
6.617594483180814e-08
0.014245606332368953
2.297689606219258e-15
0.011912283785409032
4.4013186262548744e-14
0.005767094637510683
7.780420198337194e-15
0.18010489964591544
1.154191586222758e-15
8.707648347291135e-11
1.3961306534959196e-06
0.10201787937189333
0.00021956381853078995
0.0050958826383826926
0.03057954472679873
1.3965945020776822e-07
1.0960418015513015e-16
1.0068166071241881e-12
0.00020352605542843933
0.09409115411265183
0.024931914962309266
0.19022056920652286
2.507242235625481e-07
5.813368638599907e-10
0.19218851331607603
0.19191255809281907
4.921412662777547e-15
8.263143360054847e-05
0.17214048634297727
2.7174806092697157e-06
6.872659921085335e-07
5.671514466260218e-15
1.548330632575057e-06
7.581259181360036e-08
0.22101362799931157
6.921402749255372e-05
3.132024657142909e-05
2.8081751474998622e-11
0.014810048865787934
1.1020121261813937e-17
3.195458234633527e-15
0.00020398219020880944
0.18411420247434057
2.0685526495422104e-06
9.331813037151574e-11
9.39041274234216e-05
0.003863823199438151
0.025662966550015036
1.635379633230429e-17
1.2448541781894065e-07
5.029995808571393e-06
0.0831066931409139
0.058814689725531104
0.2894534241839653
1.891514607371115e-15
6.339436640299394e-11
0.3510358028562552
3.9685882781386815e-15
7.921278860024016e-19
0.16856939712683267
1.0334932228511356e-10
3.2063389501318754e-07
0.003160068991924675
0.025064182423718693
3.84216327035291e-08
0.086534314850306
7.0126805543534e-07
0.023407948170991986
0.18174514788375157
5.242469630332108e-07
0.16928979171192599
0.029069161409201634
0.023389540416529214
9.52652305371497e-12
9.349667267270465e-11
0.404711474865291
3.754289408247997e-18
6.423232577114853e-12
2.293418311777268e-15
2.445320518732207e-14
1.3600308367317053e-17
1.894303977267717e-15
0.37815148203029847
2.512060589033227e-07
0.0737083698284472
1.6354622755756737e-16
5.3555873873164106e-17
9.543426805641434e-12
1.7584909946074858e-11
0.3733734392072016
1.5692191453007733e-08
0.026154204402293352
1.3301246885537696e-15
1.566165669886797e-08
3.1899983324448283e-15
0.0817811434357585
1.796899155222187e-05
3.6833517858661603e-06
1.4448767635426354e-14
1.0358787167937064e-08
4.0639677497661196e-08
0.006235034884887316
3.961855472357194e-15
1.6249415597847396e-09
2.6674574373592878e-12
0.0009718751025673867
1.172358517127761e-06
4.279343891847214e-21
7.00439405910406e-08
0.002166348602631009
2.675124376827549e-09
0.008667115603363544
0.0013701297968538135
0.03386358375011483
0.014891882454726672
0.023611933671859344
0.00216465634384358
0.18580803680444274
1.9670181052042763e-06
0.001619084979082238
0.002680427184246349
0.0017848822009115574
0.007039660496764043
0.21151811444446206
0.0013607244758007775
1.7703767165552394e-11
0.12375387897222598
3.6476190786106363e-09
1.4171094717721862e-08
1.099873642875494e-17
0.2579298818670123
7.316356558064626e-08
3.9425238485461374e-12
4.3747148089140107e-10
1.1731060671686856e-13
0.00712488401782485
0.0009648291831792431
0.1124905338574326
4.10853871814451e-19
2.6394174070553534e-18
0.21378575021244212
1.357776128022715e-17
0.07617775837700684
0.07830523898053994
2.5489553299806483e-07
0.006997741034903437
0.00979380615341511
7.326463442286562e-08
6.99100383917674e-08
1.5515233960326483e-06
0.002254420193654808
1.6281220412963529e-09
0.004835243805113491
0.0011591612711255774
0.0006005262061561824
0.004804393087775009
0.2253516674334641
0.2541120411284614
1.773572921888637e-11
0.02256949696678744
3.675680683510971e-06
1.558291681526131e-13
0.050976261078708694
5.028112897002523e-18
0.04454041257628228
1.1747480207475812e-06
0.19048661642393816
0.04757429665518569
0.16649934274401304
0.021046129325753667
1.5938369927301386e-05
0.0026703125561177007
0.1685971524443501
3.439912062657874e-08
0.12018257666783232
0.0034955166603797957
0.12267610520952521
1.5610526095072797e-13
1.8950941584242038e-14
1.8098045721009476e-05
0.005261833868255544
1.950993615535076e-11
0.008193537154501686
1.2271934582597301e-15
0.018606362935536896
1.7203096502456215e-23
0.0387299853844252
4.716548580531565e-10
4.220556262121029e-12
0.1620554525215358
0.07740616249442331
0.18918725296220198
1.2292904990417579e-15
2.849793522654417e-20
2.0894257996887182e-21
0.009852754334442326
1.891814783343646e-14
0.046122137616146364
9.231791213971033e-10
0.1855710970029762
0.002239128908452439
2.4496273051963365e-14
0.17308561770313036
1.0669279605857063e-08
0.21881733726718838
3.749037446198434e-18
0.01068166631717038
0.021170467281850326
0.002246521931486855
1.25248979750854e-16
0.1913436012023446
0.041321579448882
5.0376451443690765e-18
0.15110103578754375
9.634225535346981e-06
2.224302973209187e-08
0.004026565530815807
1.638231965535589e-16
0.0002548553743474809
0.004445410868347388
0.18745110467618312
3.0836932558448566e-29
0.0052351949322301285
5.761293971813117e-22
4.988408963370609e-05
0.05600185749651081
0.0038700799572644663
1.6112932679684753e-05
0.00032450541697623533
0.10619481187163189
2.7231141067105666e-06
1.1343183773511038e-08
0.00356602003752878
0.1833056052003295
0.13357791710297065
0.18405164460701037
0.00046333708196382275
9.338214555378438e-16
2.95092856638936e-07
0.1449113663670983
5.098721812869093e-26
0.00754850153627104
0.1732288978725273
0.0007794547392895963
0.029566008221483545
0.0013961574843152106
0.12461939511167626
0.14403586714653488
0.1881510944326667
0.19745340887574558
0.46710068560256557
0.04356947333261189
0.0051082128433556995
0.10463533016249442
0.18915725311239803
0.0001495033349645687
0.1659141722135261
7.987752754741107e-24
4.999191289373981e-05
1.15385889239503e-11
2.5153950334228906e-10
3.8053590967908816e-13
0.0010568560593981347
0.00032189112258007666
0.09335577083069305
0.00756712206980145
0.1614777909791867
7.453920719680853e-13
0.005781123676006416
0.18974761239255705
0.14219833944119006
0.08145243521021955
0.007078437306451721
2.6802377705273566e-09
0.2724894676719365
0.0027850187396019944
0.031976091050248096
6.936550195347688e-05
3.8548447290139396e-09
1.2552322796632603e-16
9.688073684567257e-17
0.010654851290303654
0.18757624018648641
0.18958644350056586
0.00014983398469435938
0.04225794852820373
0.05785162435975621
0.16701616934574612
1.920824355666905e-09
1.4423769261986292e-14
1.3488733357920145e-09
0.36110111732354244
1.0086215581705755e-12
0.00180298968617048
0.0035136161397576623
1.6288433907284702e-09
0.10902247514263555
1.9244587983812396e-09
1.1365127335704896e-08
0.22349903776174937
0.00010712255443754521
3.2802345733294765e-08
5.519183700903445e-09
3.506192496355719e-05
0.18809190365313305
2.73181477906675e-07
0.11951354203560388
9.35055377124215e-16
8.009990696477083e-09
0.12843324436480444
0.004286729731730486
0.18108369509131553
2.687127337871582e-11
5.5753993091676446e-08
0.18102461051217697
0.00019466999477969394
1.3463533069156557e-09
0.0005291229982826317
0.00019754222863355302
3.5136963011613734e-05
0.0006296367342634426
0.12881607385755767
0.19078762193491133
8.33637412559977e-18
0.19151642349613254
1.639287321731198e-13
6.223489407456104e-07
0.004297013349959979
0.03586832409481245
0.0082140336066281
2.410308558957029e-05
0.001269041787774087
0.04998095431724678
1.3793386721567273e-11
0.006125586752907657
0.03530697578327213
7.647722152488807e-11
8.025310971174933e-09
0.14157729803111999
0.14821711882800498
0.0017192069368907575
0.0713560364090634
0.0005303208599875741
0.28678689914807887
5.353126814987111e-12
0.00046187834266835987
7.478784399116502e-05
3.7986669435551694e-13
9.047793762925642e-05
0.1389935253117701
0.11509707551700732
0.18212481186920504
2.4052133458831632e-05
0.0920979900923712
9.214759728959605e-10
0.07498226646173597
0.16208372382566982
0.17951524884476253
0.00010735788800125266
0.1975039866685699
0.17849533848411767
0.07091156263634792
0.19645246001651395
3.9496214857844605e-12
0.1868912521564412
0.20217586146247604
5.092058208856406e-05
3.841448480816322e-07
0.052186295516498275
0.05182019013583714
0.006140736462691898
0.060015705714970204
0.031468617955121875
0.05072970019289121
7.49489826518607e-05
8.283133241906416e-08
0.3223185329909797
0.0013880730578496
0.0008278578311105262
0.32631447267968305
0.09232840273380531
0.0017124596816389824
0.14871973757327647
0.12459446029559806
0.05768357461305146
2.5124882939056625e-10
1.6079267420176877e-05
1.271533721008007e-05
1.8332034649720886e-07
8.67773014462431e-07
3.384411674573795e-05
1.0339749838652017e-07
4.5973362585945226e-08
0.0001029649992699378
5.362859132175342e-12
0.0002534223904579359
0.06693694797799186
0.42263488392155857
8.237578707902241e-06
0.10152449965461899
0.06058556018072357
1.3332540450045383e-12
0.12410943806395341
0.03875639844352734
0.16759403368863052
0.14674784993656925
8.362815954694699e-05
0.0800959547129443
2.6822069174774452e-11
0.18436009685588553
1.0867091883889199e-08
0.0006270007516066
0.19443669371201758
0.0004014202312278131
0.19555062819625643
0.07520777416990397
0.062145043967738164
0.18615616803914298
3.847827498332135e-09
1.4505544373425151e-11
0.46562317708163337
2.7372262661155836e-07
1.2706082946867952e-07
0.0030992857152113483
0.0024160840291006687
1.4532929491146633e-11
0.00035613777242727207
0.00046660808688024034
0.006567799045570685
0.16649653798994848
2.643036311523279e-18
0.03629804220481205
0.004861555557495507
0.4092485334752943
0.0002940039185836714
1.1902616992137249e-07
0.10773434067985886
0.002056575638811284
1.971409965874684e-12
0.06283000742091906
6.212685843698249e-11
5.416842958569523e-05
0.005330196274820405
3.9152425633833903e-07
5.709189947090391e-05
0.0779017180184896
0.00106102618075142
1.9694305030299266e-05
0.0004507735474335037
6.501674816882705e-05
0.0003575814683267255
1.641278951728043e-05
2.17830822920928e-12
0.03147860290262364
0.003091939929185694
6.775894536318285e-05
0.00019385477769177315
0.0338957953330391
1.9545329244266184e-11
0.5413422232523447
3.222519465331512e-13
0.0005947232915024362
3.535859830834216e-10
0.131748086181431
2.950365440008007e-07
5.102910704034139e-05
2.8346956679041034e-12
8.660117709991845e-07
0.0005992477592538467
6.515078762795907e-07
0.07125485554076018
0.000747673413546702
0.06232296088697027
0.0002503271071492036
6.861922841100869e-09
0.00014745117524756315
0.0541929242551142
5.398005860638054e-13
0.5033592769452546
1.8882014839871328e-07
1.6903661922482687e-07
0.035210959712002776
0.12839756131085253
0.4295983922940682
0.11228501861869687
0.0012541898272134565
0.003956203616615056
0.04559402004638689
4.856022975642392e-07
2.929131214136519e-05
0.0004691712227045804
0.10868045314621244
0.00012856091590642514
0.00019710364409596576
2.6879693534238103e-12
6.527964193072574e-07
0.05692041988279501
4.289547258568383e-07
0.44113340792383665
0.18143209670856386
0.04567581022889203
1.268160616028499e-07
1.974849012305679e-12
0.1118145354288684
0.1275281710962292
0.08105134582153058
0.15632142991445258
0.040959291035496954
0.05012223677174528
0.17419119476261222
0.06959217663694492
1.891886836372522e-07
0.0457206942222616
2.703711347360996e-05
0.18952681410212227
0.06099937319202967
0.2027757803172931
0.04354560171748215
0.09364842488383202
0.19245241902895635
6.790382285523788e-05
0.19292342097153156
0.0410719727944474
2.6096888401035654e-13
6.626749210872538e-15
0.07146745417381907
0.03620051403945847
8.267449769223784e-08
0.00018072022978272843
2.8296322595899903e-12
6.235907778870962e-07
1.948945535471539e-07
6.873581740341377e-09
0.04216331809641504
0.1548172004072761
0.47511768049576
0.12508775334253222
0.03138547506216241
1.2469417813934825e-07
0.10998931116053239
0.1387293283889082
1.9526733535224354e-07
0.00024723242637016
0.00012804024525233133
4.348434078847197e-07
7.702701807751581e-08
4.357064089776166e-07
0.0657792536393031
3.697748388161671e-05
4.408259960273422e-14
0.07445315436647103
5.053672871905765e-05
0.04199643759887343
1.650800425568903e-09
2.5975259970213735e-06
0.051603802916116145
4.154561123299033e-06
1.2493071406417677e-07
2.9561010248548846e-07
0.05403864998072093
0.00010319063613083531
0.02654931298853876
4.331238566339594e-05
0.6140750705129501
0.057082578066152946
0.05137936818030894
0.506296227589795
6.158241822824078e-07
0.00016919297333602758
4.340367732201275e-05
2.6057195752899666e-13
0.001032200292854205
0.051520512002821074
4.659201435614248e-23
2.698067963673787e-05
0.01862361036752461
0.026893335519183645
0.004707454249100855
0.006273296333160114
1.637931894427419e-05
0.0005980131150522387
4.048539984262986e-12
4.297927213830301e-07
0.00024978197999517347
2.151179855970954e-09
0.00012884231822364616
0.03182340371926071
8.151051066828436e-05
5.428299520891822e-05
8.16817442727578e-05
2.733686953987142e-07
0.1734230692648299
2.73894936325683e-07
3.219367613889851e-08
0.0002084762609354915
9.174211628014772e-05
5.257398643133381e-05
0.14352586786549906
2.935254803793588e-05
0.1773807947270183
0.13183198555271436
0.13145809650097703
0.17811812467413113
5.513229084960944e-28
4.653642003215737e-05
0.1835248580370914
0.11940605714947103
0.1843270950107688
2.487047787205336e-05
0.1646210042128574
0.38145093120500917
0.14417934650155217
0.1828430582576968
7.94270531257382e-07
0.16446521721371368
0.000154002368628395
0.17724164434010864
0.15058436100154216
0.018481002968348908
0.16392319172609537
0.1437260986469077
7.688313488514894e-08
3.9877463906393393e-22
1.7942863561575074e-07
8.196631701099408e-13
3.9073972917948177e-07
6.698483370686321e-27
0.11884701610193739
8.380899311431247e-05
0.1499490547122109
8.46070735871783e-21
0.1307558893344806
0.00024779250857402425
0.16774792717073772
0.0001459950879922312
0.5400062387389504
2.2841323057807685e-11
0.00014631512004573542
0.024271584357464092
0.00012834179031667525
3.735049592849277e-10
7.00282286159017e-05
0.015833456218197393
7.018843778331886e-05
0.0007720632991544152
1.5856506717571963e-05
8.22078790607724e-06
5.111861984848769e-06
0.018709140843870545
6.453572264838887e-05
0.556783254730015
2.5283211265344588e-30
9.004264410072388e-11
4.6663396824028575e-23
0.04487496834342256
9.154414854243859e-05
4.5995591169516363e-07
2.0075064519631735e-06
2.9145452004569517e-07
4.1054295690803255e-13
1.8364812437690603e-07
2.371348377530801e-12
8.642549842739282e-08
4.64367567827635e-05
2.1318264988746503e-16
0.038753156103278924
4.0665001120637544e-07
2.4194142913053425e-08
4.040032569135995e-12
0.00023790281583921038
0.024116883089167693
5.119991946345495e-08
0.24255964945470546
0.24875802974763692
2.481640035244706e-05
2.1970334105041797e-09
1.2603136305016793e-08
1.2861705437009484e-06
1.0985607622643662e-25
5.1282761258389925e-08
3.865549068379786e-10
0.006242427714029051
0.08595330968479664
4.451678290174615e-11
9.32499314366436e-10
0.14771039201357744
0.14981131478182913
0.16421161146502364
1.1051864404215701e-21
5.779149075709285e-22
0.428525310304742
1.6076475676971756e-05
0.5392734220875068
0.17833313527750222
0.5750002433837118
0.18460691883446567
1.288782121641068e-06
4.061712789376619e-07
0.14581342155109195
8.755160941572552e-20
0.16469174186423594
0.010441071511117702
0.09470954750125216
2.06771360433258e-21
0.2121019699531478
0.16776766089984227
0.0061391374514781
6.17250726774448e-08
0.07855859416295193
5.2023233935745924e-08
0.10165643855843601
0.0007797363538294706
9.620389016327075e-10
8.450416815927192e-21
1.5433465339249008e-07
0.026733106562133933
0.007928619970017259
0.013468581310871149
0.5793899469192583
5.678496444120507e-15
0.025774215132563935
2.1056319679163862e-13
1.463870560942339e-05
4.292335570540292e-12
2.656936807068843e-07
3.983503801345817e-22
0.013553654410619488
5.517818863055919e-28
4.546205782965359e-30
0.0002064756028636551
1.3295572700817255e-11
0.04475822915227941
0.031178974979664344
0.04150112592237469
8.435976385054188e-05
5.850676488396256e-06
5.358923288573649e-11
4.1131760260190125e-19
2.2129581776437143e-10
2.972906989036131e-14
7.25097846379106e-07
0.005888241320636059
1.975546541820127e-05
4.8109814648181956e-06
0.009451347087718906
9.95742604344108e-18
1.0702490845757642e-11
2.3941229356480015e-13
1.2158830731411133e-06
0.10176073967034004
0.0034191305865015117
1.8140178012676225e-08
1.4457581404552527e-07
0.03458301306535478
0.07376864479088288
0.004780540742619267
0.010578116125131829
0.031335244949450315
2.7007316165257953e-09
2.6336656533143623e-25
6.260412288343448e-08
3.856556846671573e-10
1.6523321592933304e-09
5.862416188789023e-22
2.3438237894833004e-09
4.590045138777685e-09
0.026572928210884073
0.02623051299926348
0.0182985924810628
4.867480105981098e-07
6.296577119119557e-05
5.21254969504379e-09
4.884704365407201e-13
2.3929162588904713e-11
1.266418611833388e-22
0.014381340291088994
9.717876073777986e-14
0.0029753234020601896
0.004108347948914302
0.17895337728768224
0.1463476477749111
6.403050379069981e-12
4.2786130468821173e-16
3.9121766271988285e-15
0.0027877885408550056
1.6926917173529743e-11
0.07565725226984987
2.858086465616041e-20
1.1261323483579266e-14
4.964630557458219e-10
0.051345285079570056
0.5413903690946592
3.6662711239520124e-06
6.505397975414737e-09
0.0002469593509834123
4.607800245051053e-19
0.008104332234088338
2.799153649778673e-15
0.0042277484032112005
3.7221273986972313e-09
2.8545045013507057e-20
2.3622205552949683e-09
8.84082504538082e-10
3.1124867567434717e-09
9.349298792622855e-09
6.629033397601303e-17
0.0008414524779818517
4.281541263736236e-05
1.6631855008502258e-07
4.452115792245729e-08
5.45751936457412e-10
0.00023854164817801904
0.1780151778830566
4.790995867147466e-08
8.151121783801844e-19
0.17777229665617741
6.532749182283824e-16
0.0017798375396572512
0.04164779473989051
0.00018346354424148687
2.1047052876050788e-07
0.0802091210497058
0.0004521028244570056
0.10530925756721946
6.599507417436146e-08
0.2118561094936237
0.006169680842319683
0.6372390252280353
1.2720037553802261e-06
2.4721299502451414e-19
7.200729881300334e-09
1.517237640290154e-10
2.1330468877966172e-16
2.6334656847234953e-17
6.016879663784469e-16
5.349529229485753e-11
9.622045248428498e-15
0.11276712103983287
7.625825613044963e-08
8.332559063216857e-16
0.015695512781216902
2.7963301819192106e-05
0.0655286713855879
0.020641303875105304
2.762450375621917e-09
1.7201161240333332e-09
0.2571234249076716
5.62113813541466e-11
3.053759593533878e-16
7.647666631790621e-07
0.009084009407155527
0.002500056164134851
2.6674010361059804e-06
0.6003251014014052
0.0007882445759669424
3.806750153579014e-08
5.184312732920714e-10
0.14688458289043618
0.15943233394973808
5.76905046645733e-07
9.696583662254176e-17
0.08249205045889954
0.010306005668271268
6.4688699506981675e-09
4.265848544679323e-05
0.040345491927084004
1.6167831738238409e-21
2.357966125901195e-09
1.0642241627859138e-08
5.766186993963503e-22
1.0668958336147394e-11
3.904971176874493e-15
0.47294505580496743
4.069393340145802e-07
4.285659030827193e-12
2.0962158634306467e-21
1.229073294401063e-10
8.464211998392459e-22
2.96789930995946e-14
0.12521211627339035
0.014110249412593739
1.8240876267097235e-25
1.5852709408732743e-19
7.18564838588607e-09
9.520368375889877e-10
0.00011569171738989524
3.9369762670152374e-11
2.0092522172569435e-26
2.8840945020891526e-06
0.16170994936789762
6.342119773690486e-14
6.866556380757421e-06
2.524986786600884e-30
5.725161400672968e-07
2.1474447837045285e-10
2.878461773143406e-06
0.06501103299541917
1.927533148423576e-20
0.23403098793078592
6.961783232073623e-05
0.09224289769035263
9.255340016834322e-08
9.127156418431693e-06
4.697286443107686e-08
3.294140773639964e-06
0.03893360688707028
0.05685731035617644
3.0494870345170866e-16
0.010416197980647314
4.086299360164104e-15
0.05257395389931446
2.6376678836293857e-25
0.10977105260432093
0.05694888472550934
0.00031434443487699985
5.370882965037479e-14
2.238576998807868e-17
1.148374213193084e-08
0.24493508265116523
1.0732278276416608e-26
3.4570226928422216e-08
4.731894902444739e-24
2.99695051261847e-11
0.034422503291013186
0.0677671197656127
2.1804842593703417e-13
2.2213893316409456e-18
0.03535293641468313
1.4426568458865338e-07
0.0646056389092478
1.5151887250837754e-09
2.1370941050795452e-16
1.5140633730654302e-10
0.12718095480277147
4.900100125147928e-08
6.521543548955212e-16
2.0412163715867263e-09
0.07638487406686457
2.117742580235685e-09
3.126255996204246e-24
0.027102511110666496
1.3760944423590308e-20
4.089272196262296e-05
1.948326810414095e-06
0.005895580815920179
0.08230077387613756
0.09198156074681534
0.02659036468740507
3.6107455082781004e-19
0.005678740947961061
0.010521907613996156
0.5951185928655934
1.267301061308501e-22
1.848048355233225e-21
0.17195496056177015
0.30169036520235587
4.667538155075036e-06
1.0715688111352164e-26
0.010707929590943261
1.2738056865119877e-06
4.2845134936636246e-16
8.460894134149942e-11
2.4992450895046687e-08
0.07289415932593413
4.740856324838236e-08
0.1676108722755956
1.9279398586093395e-07
0.5045719235338955
4.596064524488994e-19
0.011252953836880991
1.6959797187668373e-11
5.359856639133602e-14
0.3503032356282384
9.329166503603783e-09
0.12756411777271154
0.0004107446964823528
0.11398977003767734
5.346980939039108e-08
0.005787089435236874
4.972493883491848e-10
3.774760406112102e-10
2.0929854343000973e-21
0.010384937531981721
0.04509805160657064
0.06486467141390138
6.523629473560372e-05
0.038836406456541905
4.0936445207293405e-15
0.0025096232892798578
5.21094636062907e-08
5.367253291128941e-08
0.06803593432707553
2.5951275931163946e-08
0.0007528928207409671
8.954066336141354e-08
6.619426690042417e-17
0.07223712471932228
5.446876209648529e-10
3.449905252674757e-08
6.632737772891998e-15
4.2945274032286934e-16
8.628460751013628e-11
1.3785355853075005e-20
2.252787596954424e-15
1.6078674557749746e-09
0.17930408964543887
0.2951757775061334
0.5977604268065585
5.37870964137666e-08
7.102995919860483e-09
1.4874271145113168e-06
7.213440212136237e-10
1.0084854573310593e-06
0.3350412984539479
0.051171849672976916
0.1664162579945245
1.90540813192912e-07
7.083233895930437e-09
3.675772633814319e-05
0.004670122067334716
2.3648975834393096e-19
3.594095857113944e-09
1.2733877202023516e-09
2.197581975815795e-09
0.02455003907999874
5.610424892373208e-11
9.191199244194183e-10
1.4005862172988482e-16
6.363936336511426e-23
9.174351968237073e-10
0.07433023338559609
2.6148552099789166e-10
8.313642059640774e-16
3.9604683970378844e-11
7.639342204128036e-08
1.8216941718964875e-25
0.5689154357373529
9.639659496284814e-15
1.0141755280615137e-13
9.95109795065749e-09
0.04239294482164169
0.031537933049829166
0.004450149776195542
0.0016751988877458923
4.7769516412612104e-08
4.944282494092652e-20
5.653662969649737e-07
1.457080391282884e-05
0.01719736623052516
3.694611905294687e-05
4.302399605790822e-25
0.3898687767317994
4.0289971800454016e-08
7.341605221295624e-05
9.395036237012977e-15
5.308942718657935e-07
3.022744792319652e-09
1.939485925563478e-06
8.771437309489356e-06
0.18832736657477536
0.15118460426804595
2.6699674898819053e-12
0.07878285736196183
0.6404860668748278
1.0341175836636477e-06
0.08860892262731591
6.45570483045856e-09
1.6411305649683274e-10
0.01523323832939514
0.0012267622039968539
1.3981248972694442e-16
1.6143099243832483e-21
8.377206132504011e-05
0.39513333945594414
1.1956705630822646e-15
1.78779263376228e-08
7.672144462891403e-07
0.0024923014958219197
0.03523343513044992
0.06885921764182434
3.6430486111349286e-10
9.931857198212789e-09
3.567431693934617e-10
2.4252361119083208e-08
9.785735660021515e-07
0.04323504193373259
0.41391867570647517
1.197842084887407e-15
0.07895199692990561
3.260636890987288e-21
0.0024969600594469486
2.1508737767952531e-10
1.0719701784080147e-11
1.9249947177140613e-20
0.05734686832384297
1.1553020142988422e-14
2.468108237286087e-19
6.51539725881938e-24
0.023609359508242365
0.07046560739392703
4.3078434248191445e-25
3.5940835430392463e-25
9.802482562313892e-07
2.367336495402334e-19
2.4942477419854637e-08
1.227202335830037e-10
0.05762674901196772
